ta000
2 2
30 41
26  4

ta001
2 3
29 24 22
 7 13 39

ta002
3 2
36 10
 5 32
13 42

ta003
3 3
 5 38 13
29 36 41
19 13 18

ta004
4 2
44 31
 8 39
17 16
10 44

ta005
4 3
43 22 14
 2 31  7
13 22 42
27  2 35

ta006
5 2
12 29
24 24
12 22
24 27
21 16

ta007
5 3
34 23 13
31 29 37
15 12 40
24 26 10
 6 11 43

ta008
6 2
41 19
31 44
 7 39
15 17
23  6
16  8

ta009
6 3
28 27 40
36 28 24
28 32 36
33 44 22
21  8 30
31 22  9

ta010
7 2
 2 23
13 26
16  4
38 27
14 21
20  6
35 26

ta011
7 3
14 29 31
29  1 33
43 30 23
23  8  8
19 10 24
44 10 28
40 14  4

ta012
8 2
37 40
 3 12
36 43
 1 11
 7 13
31 43
19  8
37 21

ta013
8 3
 1 30 34
11 16  1
35 18  9
29 29  4
14 12 36
11 21 22
22 34 28
18  9 35

ta014
9 2
43 20
17 10
22  9
 1  2
31 24
 9 42
 6  4
32 36
 5 30

ta015
9 3
 4  8 14
42 41 39
22 20 22
42 31  4
38 28 22
44 13 41
29 25 41
44 29 27
17 35  3

ta016
10 2
39  5
18 34
30 29
42 14
 2 21
 1 23
22 33
 2 32
 4 15
28 30

ta017
10 3
25 21  7
36 36  8
25 34  4
24 31 26
 7 37 27
16  4  8
 2 19 40
15 20 24
12 18  8
36 39 13

ta018
11 2
26 13
33  5
22 19
43 27
43 23
 5  9
10 23
34 20
17 30
 7 31
28 40

ta019
11 3
14 10 34
11  1 28
24 18 44
33 39 36
42 19 37
 2 15  9
17 22  9
23 15 31
 5 41 34
37  2 23
30  9 30

ta020
12 2
30 44
24 15
11 18
16  3
25 23
17 15
19 25
15 27
15 15
42 14
 6 32
35 39

ta021
12 3
 4  7  4
38 32 17
22  3 31
 7 13 20
14 31  4
36  2 19
29 44 42
17 31 17
19 10 31
 8 33 39
24 42  9
29 12  5

ta022
13 2
14 22
16  9
 2 14
29 12
12 40
13 29
12  7
13 32
 3 36
42 32
21 32
19 22
30 14

ta023
13 3
14 37 27
15 12 30
20 43 23
24  3 21
43 28 33
19  5 24
41  3 41
27 26 36
40 17 32
25 29 26
 4 38 23
32 44 37
30 41 29

ta024
14 2
28 10
13 29
34 29
27 38
14 43
 3 28
40 26
28 18
32 11
36 20
39 43
39 15
41 20
 9 42

ta025
14 3
11 29 41
34  8 40
14 38 28
43 36  7
13 24 19
26 26 43
 9 13 39
15 13 26
38 21 34
30 15 42
32 14 20
29 27 30
 3 14 20
44 13 34

ta026
15 2
34 34
19 29
 8 15
25 13
34 42
12 41
 3 41
16 15
40 31
 6 28
23 31
11 23
32 28
42 33
23 13

ta027
15 3
24  9  1
 6 25 23
 7 10 14
19  6  2
 9 34  2
24 26 31
14 33 18
33 38 29
11  4 24
41 42 24
18 36 35
21 19  3
40 42 16
38  9 30
18 31 23

ta028
16 2
22 23
21 21
 8  3
11 20
35 40
36 15
17 39
22 43
10 13
35  2
15 12
33 16
44 29
28 15
20 25
33 15

ta029
16 3
 7  7 34
26  3 21
34 22  7
16 44 26
28 33 24
 4 39 39
43 17 28
30  9 10
34  6 22
24 19 41
 1 11  7
21  9 10
 5 41 41
34 23 13
39 43 12
 7 32 11

ta030
17 2
 5 25
21 25
27 16
32 22
43 24
36 41
44 11
 3 11
15 34
19  7
25 14
43 42
43  9
38 15
36 10
43 28
18 11

ta031
17 3
19 38 21
20 28 36
34 31 12
26  6 44
35 13 10
29 29 22
33 26 31
36 26 23
26 18 22
17 30 33
26  8 24
33 36  9
34 39  7
28 18 38
 2 18 37
44 19 26
 5  7 26

ta032
18 2
21 39
37 24
28 13
43 38
11 14
17  2
23 44
42 21
 2 22
 1 39
34 16
 6  8
38 34
 9 30
27 44
41 13
23  8
 5 14

ta033
18 3
31 10  8
41 36  2
40 14  2
37 23 18
40 24 17
 5  4 13
37  6 34
29 30 39
 4 14 12
12 18  5
23 16 40
29 34 36
14  5  4
33 20 36
 7  2 12
35 35  4
27 36  9
11 16 43

ta034
19 2
24  2
24 14
37 23
34 29
40 41
14  8
23 11
34 25
36 44
 9  5
31 43
23 29
28 14
23  8
29 27
40 12
44 41
 6 32
13 44

ta035
19 3
12 26 43
35 41 10
32  4 12
24 14  2
 1  9  2
12 13 26
24 40 31
24 44 26
44 14  2
 3  8 26
 6  2 13
36 33 28
 6 40  2
13 41 24
 2 44 39
28 26 31
10 33 28
25  9 18
13 32 26

ta036
20 2
17 36
27  9
30 40
30 18
13 33
 9 21
19  6
18 24
11 43
 8 22
44 32
17 33
15 37
20 43
26 38
40 24
 1  3
34  4
20  5
12 28

ta037
20 3
16 27 27
39 17 11
36 27 11
 1 42 19
 6 11 26
29 19 39
38 37 21
32 36 19
38 30 21
17 17 14
 4  7 32
24  6 18
 6 22 16
 5  2 38
32 25 41
21 18 34
21  5 30
25 11 19
 8 29 35
 8  1 31

ta038
21 2
34 20
10 41
41 35
31 26
 6  9
24 41
24 34
36 27
44 12
23 18
12 31
40 13
29 24
41 14
17 22
28 43
21 29
15 27
29 36
28  6
34 37

ta039
21 3
29 13 26
33  2 21
28 25 29
24 30 28
20  4 24
41 12 18
39 18  9
28 25 26
20 39 20
 9 43  9
28 17 28
20  2 28
32 41 22
20 31 37
38  5 13
38 10 11
 4 32 24
11 11 17
29  1 32
44 13  8
 2 19 26

ta040
22 2
20 40
13  1
 1  2
40 10
16 41
20 32
17 35
21 13
27 29
 9  6
12 29
18  6
11 35
 1 41
32 28
15 18
12 11
18  9
44 37
10 10
 8 22
 9 14

ta041
22 3
36 30 12
11 12 32
30 23 38
13 15 35
23  7 34
10  1 43
22 32 26
 3 20  7
18 12 13
35 20 43
43 34 21
 4 15 26
24 35 30
 1 43 37
24 44 40
27 30 38
 3  1  9
 9  1 21
33 34 10
 6 38 44
19 40  3
39 15 26

ta042
23 2
15 20
37  8
30 11
14 22
34 34
23 20
11 35
27 20
32 19
35 34
34  1
15 26
17 18
42 30
26  4
34 29
30 15
13 10
 1 40
15 43
40 23
32 43
11 34

ta043
23 3
40  3 18
43  8 28
 5 25 36
14  5 11
36 13 13
28 41 30
 1 39 35
41 23 17
19 37  5
36 39 12
13 17 16
27 23 39
13 27 40
 6 24  5
23 43  6
35  4  3
30 12 27
 2 43 17
43 44 25
 1 25 16
24 14 31
25  1 33
40  9 34

ta044
24 2
19 15
14 34
39 15
31 18
24 12
29 33
 3  7
27 30
12 18
44 28
24 14
13  3
25 26
11 18
43 43
17 40
39 13
12 41
13 13
 4  2
13 26
 2 34
40 28
22  7

ta045
24 3
 4 40 34
16 40 26
11  5  3
12 10 13
 4 13 19
26 39 33
38 34 39
31 17 44
14 42 16
42 13 24
 7 41  5
 4 14  3
 9  2 44
14  3  7
39  2  3
35 42 44
 7 21 39
 7 34 32
12 18 24
35  2 43
11 13 37
24  5 13
 9  1 44
17 17 38

ta046
25 2
34 25
32 33
36 16
41 23
44 16
35 37
29 44
 8 17
36 41
24 19
44  2
 4 34
15 16
41 34
27 42
 1 35
 4  2
18 10
 1 24
27  8
38 23
43 39
22  1
39  5
 6 36

ta047
25 3
 9  4 37
43 38 32
21 42 18
21 19  8
41  3 16
 1 33 28
27 42 17
13 14 16
25 22  4
10 12 15
21 37 29
36 34 42
43  5  8
30 33  3
 6  6 34
31 27 40
23 22 12
12 23  8
20 41 34
21 19 17
29 12 31
 4 44 26
24  6 13
19  2 28
20 41 10

ta048
26 2
15  7
 9 27
39 39
 8 31
35  3
10 14
21 17
38  8
23 31
36  2
22 17
 2  6
 8  8
22 27
 4 21
28 36
27 43
 5 34
25 39
25 22
21 25
40  2
35 12
 3 34
20 11
24 42

ta049
26 3
29 39 32
42  5  3
19 31 17
25 28 15
19 18 32
23 12  4
28 28  7
14 26 42
21  1 16
40  6 33
 7 38 41
31  8 32
11  7 30
23 20 38
 5 41 42
26 27 18
24 24 22
17 28 40
35 15 14
35 22  4
32 23 26
29 18 34
18 32 11
 1 12  5
18  5  8
13 10 29

ta050
27 2
 1 39
19 43
16 26
11 35
10  1
40 37
18 21
30 26
36 42
13 21
23  8
 9 39
 7 24
13 18
43 24
32 23
 6 29
34 28
30 34
 7  1
18 28
25 18
37 19
27 35
19 37
14 11
 1 33

ta051
27 3
 7 38 31
24 36 37
14 38 36
31 13 18
31 34 31
 3 40  2
36 13  3
40 27 36
 3 32 42
22 43  7
10 22 22
17 23 41
41  7 42
15 31 25
37 38  5
20 32 38
 4 17 41
12 20 33
31 12 11
40 22  4
40 37 39
29 21 36
40 15 12
35  6 34
 5 22 26
23  3 34
31 28  1

ta052
28 2
 5 18
27 11
43  3
34 31
11 31
 2 30
38 19
39 31
 8 17
14 24
18 26
14 11
 8  8
43  8
 9  9
21  9
38  4
36 19
12 18
23 33
 7 28
 1  4
 5  4
11  3
31 36
40 17
18  4
28 23

ta053
28 3
 4 17  4
36  5 27
23  3 10
38 36 35
28 20 19
34 39 25
18 34 26
11  7  4
41 40 21
17 14  5
36 35 21
13 16 40
15 32 29
24  6 42
38 12 13
20 19 11
17  6 23
37 30 38
41 38 10
 1 39  9
 6  7 34
 6  2  2
15 15  5
24 20  8
40 38 29
29 17 40
35 22 22
11 44  8

ta054
29 2
26 43
 5 27
17 23
30 15
38 21
19 44
 9 32
10 12
 6  4
 7 38
31 16
41 37
10 13
21 15
10 18
31 40
 7 26
25  4
41 32
43 27
38  6
14 19
20 29
20 29
30 24
16 19
 5  6
22 11
 2 13

ta055
29 3
18  4  2
16  5 21
35 24 37
27  8  6
15 18  5
24 44 26
 2 22 17
25 37 36
29 31  2
13 35  1
 5 14  2
29 15 39
25 23  1
38 29 40
37 38 22
24 10 42
14 25  7
41 10 24
40 37 12
11 31 19
19 22 33
36 23 39
 5 31  4
11 44 21
25  8 38
22 33 44
15  5 22
 4 44 11
39  9  5

ta056
30 2
23 33
23 28
15 37
27 20
 8  7
 1 16
27 20
24 39
 3 26
30 16
 2 31
19  4
12 40
27 42
16 23
23 42
14 34
27 42
25 28
29 29
42 33
31 15
32 29
32 29
42  9
41 29
 9 37
 3 36
15 19
16 20

ta057
30 3
10 30  5
29 29  4
 2 37 38
26 15 20
41  1 18
14  1  4
16 27  8
42 44  7
26 38 33
21 32 35
27  6 12
10 19 13
29  2 31
29 28 39
36 16 39
22 33  9
20 34 36
12  4 33
12 13 31
42  4 35
15 25  6
 4 44  9
 9 32 26
 5 30 44
18 32 44
13  7 28
13  5  6
25  2 43
43 16  3
23 42  7

ta058
31 2
27 31
42 41
14  3
34 32
17 30
14  1
27 15
 5 37
39 16
33 43
 6  3
30 44
29 35
24  8
 5 28
 6 30
34 20
23 43
 2 21
18 42
24 19
11 27
36  5
43 31
38  7
22 31
34 44
 1 24
 2 43
12 24
23 26

ta059
31 3
28 33 24
28 12  8
37  7 35
18 43 36
20 32 36
 4  8 24
37 38 14
43  7 20
40 35 19
43 41  3
10 38 20
42 36 23
 3  8 38
36 39 32
16  5 32
43 24 14
33 43 35
32 32 30
12 29 27
 5 32 22
33 38 10
33  9  6
17 22 40
14  1  1
31  2 43
27 27  3
32 42 11
 6 11 43
13 22  7
34 30  7
41 42 20

ta060
32 2
16  3
 2 23
28 41
27 27
 3 19
19 42
35  2
30 32
30  3
24 18
35 12
28 28
11 20
31 43
27 36
33 18
 3 25
15 43
42  4
43  7
 5 15
 8 31
36  1
22 21
21  3
44  5
17 25
29  5
20 18
13  8
10 28
 1 11

ta061
32 3
30  2 40
11 31 31
34 27  4
18 13 21
 4 41 37
10 43 11
22 24 36
29  1 23
40 11 24
24 35 35
41 22 15
41  2 34
 6 11 34
35 14 18
 1 43 12
 9  1 24
26  3 10
44  6 21
20  2  1
17 16 20
 8 10 36
13 22 36
 6  7 40
 3  4 32
21 32 11
19 28  3
11 31 10
 1 43 33
26 42 16
39 22 44
33 34 40
15 27  4

ta062
33 2
26 32
22 21
 3 38
28 23
44 22
23 19
10  1
19 43
 7 29
11  8
12  4
32 24
21 12
30 40
14 15
36  7
 5  8
37 41
26 35
28 16
17 20
33  5
19 41
29 22
26 35
27 12
 4 20
36 23
 1 42
44 35
 9 32
10 29
30 17

ta063
33 3
14  3  8
22 18 16
 1 39 35
37 15 27
 5 24 28
 8 15 24
32 25  3
30 16 15
41 29 35
38  7 29
11  4 20
 3 28 26
14  4 18
11 11 10
29 44  8
18 37 21
 8  2 18
31 42  5
14 28 32
37 26 33
26  8 32
 7 26 11
 8  3 41
 2 38 12
 6 21 14
38  1 16
 8 23 36
15 31  6
12 25  7
15 34 44
39 22 23
29 30  4
22 23 18

ta064
34 2
41 11
35 24
 6  8
 7 25
21 35
20 28
16 29
 4 42
11 22
27 39
 2  5
38 13
41  8
17 33
22 36
11 16
23 42
12 13
 2 35
25 43
 6  1
31 24
14 17
24 37
19 32
19 27
40 28
17 37
17 22
28 43
35 18
 3 30
25  5
 6 19

ta065
34 3
18 35 40
21 41 28
34  2 18
14 43 25
28 25 15
35 17 29
21 39 26
20 40 24
 8 27  8
32 42  2
44 10 12
 6 19 28
36 43 30
12 38 15
19  4 23
 4 15 10
 4 12 13
41 28 11
37 42 40
16 14 15
21  2  5
17 15 34
13 23  6
31 44 19
43  9  1
12  2 37
 2  5 12
42 29 30
34  4 26
 1 13 21
33 20 29
16 36 36
11  2 33
34 35 36

ta066
35 2
 5 17
13 38
42 19
10 26
41  4
15 10
 3 23
18 19
28 12
 8 13
11 29
42 24
35 27
18  9
 2 44
 5 13
14 21
38 12
18 40
 6  7
35 32
25 30
 6 20
14 14
19 36
19 21
26 22
26 20
20 34
 4 15
 2  2
24 41
44  3
40 27
29  6

ta067
35 3
 1 32  6
 2 22 23
 5 13 18
15 14  4
35 10 26
28 31 37
39 18 37
28 37 36
 6 34  8
28 31  4
24 32 29
13 36 31
16 24  1
 4 16  7
16 33  1
42 11 15
16 16 16
 4 32 11
14 18 40
15 41 33
15 22 27
15 36 27
20 22 19
39 13  8
36 36  3
31 13  5
35  8 23
38 12 15
32 21 44
19 44 18
36  1 28
13 33 39
25  1 42
19 23 34
41 21  4

ta068
36 2
 9 12
41  8
27  6
35 25
33 10
22 10
12 28
15 27
 1 22
 1  4
12 24
24  3
 9  6
12  7
16 29
33 41
36 11
24  9
 3 11
17 13
 1 21
39  3
11 29
13 18
27 36
22 13
40 18
36 29
33 38
44 22
39 29
 9  4
21 26
19  1
 5  7
24 35

ta069
36 3
 5 32  3
36 29 21
37 24 38
38 25 24
 8 21  2
18 20 39
21  9 12
40 19 17
12 35 27
30 11 12
14 21 12
32  9  9
15  1 44
12  2 20
28  1  4
29 41  1
24  1 26
10 31 15
23  9 13
31 25 39
39  8 14
26 24  5
12 20 13
37  3 20
39  9  8
36 12 19
13 27 39
27  6 10
30  4 34
41  9 44
40 29 21
 6 18 38
 7  3 21
44 18 22
32 32 43
 7 16 22

ta070
37 2
 8 31
41 39
18 42
 1 13
 3  4
40 20
15 15
11 14
42 18
43 33
35 14
30 10
42 14
10 18
39 19
12 24
33 12
34 22
 3  1
12 23
 6  6
36  4
 7  1
29  3
11 19
34 25
 8 27
32 38
 2 32
42  4
32 28
18 28
36 17
32  3
26 33
11 41
 6 21

ta071
37 3
27 30 22
27  3 41
30  8  7
21 29 32
16  6 25
41 21 16
 4  9 35
23 33  9
12 35 14
26 22 22
 8 37 19
32  1  3
16 19 29
 1 19 25
21 42 43
 5  2 26
23 29 13
40 38 42
30  4 41
14 15 13
27  4 30
30 13 37
13 28  6
23 25  3
31  3 35
10  3 36
10  8 34
33  4 37
10 13 43
22  2 41
 6  2  5
16 19 16
40 35 29
 7 36 18
20 44  4
11  9 36
 7 20  2

ta072
38 2
 6  5
 7 24
39 44
38 21
44 38
36 26
10 18
24 42
16 28
20 15
13  7
 4 17
16 13
 4 33
43  5
 8 15
27 39
44 42
42 36
25 16
 2 14
30 13
 1 36
11 27
25 13
38  8
32  6
33 44
 2 35
 8 26
40  5
22 40
30 21
44 15
19 26
 1 24
 4  4
13 43

ta073
38 3
21 35 16
25  3 22
 8 31 11
 1 28 22
 7 44 41
 7 29 43
21 42 36
35 27 25
36 40  9
44 12 15
 4 28 37
34 24 11
20 28 24
18 41 36
29 30 38
23  9 19
30 38 40
 6 28 16
 8 31  8
36 34  8
14  9 19
41 42 44
30 17 21
30 31  1
20  3  1
 1  6 42
32 13 32
34 15 18
19 42  1
21 27 37
 4 29 38
16  5 33
17 32 33
38 38 36
43 44  8
39 31 25
15  7 25
11  5 21

ta074
39 2
21 24
39  1
22 44
43  9
34 28
27  3
 8  4
42 13
29 19
 9 38
20 40
36 15
11 25
12 20
 6 21
12 38
25 18
40 26
39 16
10 34
40 30
 2 15
18  5
32 27
28  3
23  7
 2 11
 2 25
32 24
34 42
32 23
 3 14
16 33
23 34
 8 16
19 13
 9 20
43 34
38 21

ta075
39 3
42  7 38
29 37  4
43  6 37
14 16 15
38 15 26
13  2 17
27 33 43
29 26 42
20 12 29
10 43 26
13 12 32
12 27 28
 5  4 31
44 16 11
41 10 18
37 23  4
31 40 19
26  8  6
22 13 25
40 10 25
19 33  8
11  1  5
28 27 33
43  9 43
30 27 17
33 33 17
24 27 33
25 24  3
 8 31  4
27 34 14
 3  9 39
 6 25 28
 4 31  9
14 10 41
15 32 32
21 41 25
34 34 25
 9 16 27
37 38 10

ta076
40 2
 5  4
15  1
 2 37
19 41
 1  5
25  2
33 30
 2  9
11 18
37 11
36 16
32 35
23 38
 1 34
39 37
12 14
32 19
43 28
39 13
 9  4
40 36
32 17
17 24
 1  4
23 44
 6 10
44 28
19 34
16 24
22  8
37 30
 3  8
37 11
15 15
32 19
15 42
 9 34
15 44
29 16
19 44

ta077
40 3
38 41 11
39 32  2
15  4  1
 9 12 15
36  1 12
11 34 24
24  6  9
30 17  4
30  9  2
11 14 19
 6  1  6
22 15 40
19  8 21
35 41 11
15 23  8
 1  7  9
22  5 10
 5 36 13
36  8 25
 8  9 23
 1  4 35
26  4 11
 9 14 30
17 36 26
 4 33 10
42 15 38
41 30  2
37 33  9
 9  1  9
38 31  8
15 12 43
42 35 37
21 33 19
41 37 37
23  6 14
29  2  4
 3 38 37
31 11 24
22  8 16
27 18  3

ta078
41 2
 2 15
27 23
 2 24
28  6
43 18
22 26
19 44
38 10
15 28
40 25
44  6
35 38
15 29
 2 20
21 27
22 39
16 16
39 22
11  1
 5 34
 1 40
 6 30
16 11
12 11
31 12
38 32
31 37
 4 41
25 34
 8 17
23  9
30 16
41 28
11  3
 6 16
44 15
23  7
24  4
 1  5
22  4
17 35

ta079
41 3
33  9 34
34  8 24
13 43 41
21 37 32
12 37 11
34 34 32
 1  9  6
15 13 23
10 25 14
 1 41 20
12  5 44
33 20 21
27  8 20
32 35  8
19 23 23
36 39 31
37 11 16
34  4  8
29 18 40
11 25 28
10 12  2
22 10 33
32 24 18
34  8 27
13 14 18
43 40 35
 1 18 30
27  8 31
 5 22  1
36  4  2
26 16 28
37 22 24
 6 42 13
34  4 16
14  4  4
33 22 34
35 30 22
 6 10  7
42 28  4
16 17 33
32 40 20

ta080
42 2
16  9
36 44
20 37
39 38
43 22
11 15
14 14
 5 27
16 44
12  2
18 25
21  7
21 39
39 21
35 26
25  3
 8 41
42 39
13 34
 3 42
40 37
24 28
44 36
29 14
43 33
 2 33
21 38
 3 36
33 30
23 26
42 19
 4 18
42  9
 7 18
16 10
15 27
42 14
 6 25
 1 37
 7 30
11 25
22  2

ta081
42 3
24 37 27
14 38  7
 7 27 11
22 44 22
34  7 31
35 29 11
42 34 19
19 35  7
32 22 36
40 23 38
15 18 41
 2 38  5
26 38 24
10  3 32
16 21 15
29 35 38
 7 16  1
44 28 33
28  6  2
20 26 16
16 12  5
18  7 27
25 32 14
26 10 36
31 33 31
31  3 15
37  4 31
42 33  7
37 16 34
 9 19 32
 4  6 12
 8 39 36
28 43 15
32  4  4
24 26  7
 9 13 39
 2 41  3
32 28 23
29 18 23
42 25 35
37 17 13
27 23  4

ta082
43 2
25 24
39 39
 3  5
44  5
 1 28
19  8
44 29
 3 40
 7 23
30 16
23 34
23 21
13 30
18 24
39 31
35 42
 3  4
28 34
 1  8
39 42
32 23
22  1
43 16
42 41
32 42
10 35
42  7
25 36
 1 18
26 17
32 21
11 14
38 22
 5 41
 1 14
39 44
29 32
29  1
12 23
22 42
32 21
36 42
22 44

ta083
43 3
 1 41 23
37 34 27
26 22 11
11 13  9
 8 22 11
 2 40 19
 3 10  7
10 22 25
25 23 40
29 29 11
29 13 37
39 21  8
18  9 25
13 19  7
22 18 32
 3 15 44
32 31 25
18 40 12
37 35 19
43 12 12
31 42 37
44 26 44
17 13  1
 3 29 32
38 35 36
44 33  4
37 22  8
41 41 43
30 12 18
25  2 31
34 19 41
14 26 22
15 23 36
33 31  3
43 29  2
38 24  5
20 37  3
16  7 35
 4 35  1
38 14 15
27 36 12
15 14 10
35 25 10

ta084
44 2
14 30
11 12
 5 35
 6 42
12 41
37 32
13  6
 9 29
18 13
 7 10
35 22
21  9
22  6
40 36
29 16
36  3
44 40
 6  7
36  4
 3 44
43 38
33 42
21 27
14 31
 3 31
40 42
28 15
19 37
10  2
35 43
39 14
13 41
 6 34
32 18
44  2
37 15
11  8
11 41
33 24
33 39
36 10
34 43
20 39
19 30

ta085
44 3
21 13 42
35 13  4
 5 29 25
37 37 31
39 41 32
 1 38 25
32 21  4
22  5 31
14 41  7
30 25 15
21 11 16
 3 41 31
 5  2  3
 7  3 26
17 41 31
 2 44 40
23 33  5
40  7 43
26 43  9
11 22 17
41 20  5
11 16 26
16 37 44
 1 40 36
23 25 18
22  6  9
44 12 41
12  7 36
10 26  5
17 22 43
22 39 25
30 11 28
22  7 26
 6 30  8
41 22 38
13 17 27
25  4 38
 1 11 10
21 30 13
13  1 34
21 43 15
 2 24  2
12 37 15
35 44 44

ta086
45 2
28 38
27 34
15 29
43 42
 9 23
37 18
 5 22
28 16
10 26
16 10
 6 36
30 32
37 40
43 37
 2 25
13 35
 5 38
18 18
28 32
15 28
14  4
26 43
 7 42
41  2
19 41
28 33
20 35
38 36
 9 40
41 20
31  7
40 29
11  3
14 12
 5 11
32 23
11 32
40  3
11 31
25 40
43 41
18  5
41 24
16 14
44 26

ta087
45 3
 9 33 35
39 42  8
 8 41 33
 5 29 30
42  8  9
 5 22 32
39 36 26
22 15  1
21 34 33
35 32 31
31 44 12
24  2 44
32 17 35
33 39 14
43 21 12
14 44 11
41 37  2
28 19  9
44 32 19
34 18  8
19 18  9
 2 18 29
18 19  7
10 17  6
42  7 42
13 24 38
34  8 35
23 39 40
30  3 25
 4 25 15
26 43 43
27 14 22
 5 42  4
27 40 26
 4 32 20
40 31 13
11 31  8
25  1 11
18 41 23
13 16 15
 5 15 39
36 28 19
 8 16 38
21  8 26
34  7 12

ta088
46 2
 9 19
 8 21
35 17
13 37
38  7
 1 42
32  9
17 43
36 26
33 23
26 31
12  4
 1 32
15 19
35 24
27 35
38 43
 9 22
16 37
26 42
36 23
 1 30
27 21
20  7
21 22
16  1
 2 29
31 22
 7  4
20  3
 2 38
 2 15
25 10
 5 33
44 39
28 44
44 35
31  3
31 27
21 24
13  9
42 14
 8 27
34  9
13 31
16 12

ta089
46 3
18 24 40
43 21 31
 6 18 17
31  7 27
38 17  1
11 42 28
36 25 28
40 35 38
40 33  7
43 20 41
21 14 24
16 27 21
40 33 27
44 22  4
 8 26  2
16 20 36
26 24 11
29 39 35
29 22 34
 2  3 32
25  8 42
21 11 38
 3 23 34
24 16 10
 1 37  4
24 33  9
37 25 13
16 17 41
30 36 19
33 31  6
32 38 31
39 20 15
 6 32 16
 8 14 42
 2  3  9
 2 29  3
32  6 34
25 10 22
19  9 35
 2 35 19
20 14 36
29 36 22
23  7 18
34 18  1
38 29 12
16 14 14

ta090
47 2
32 28
 8 17
 2 26
16  7
28  9
20 11
24  5
41 41
33 44
 6 17
11 31
23 23
29 43
32 33
32 25
11  4
40 21
14  7
12  4
13 10
14 30
39 15
31  7
10 14
 4 41
41 12
10 42
 4  2
 6 30
32  3
39 27
20  4
42 17
16  3
36 34
30 30
32 41
 4 26
37  9
37 23
33 19
30 36
28 44
38 43
18 13
 2 27
17 10

ta091
47 3
15 31 10
35 17 14
36  8 22
14 11 12
25 14 38
23  9 42
38 10 15
21 42 29
20 43 24
17 30 24
33  4 14
22 26 18
16  2 36
23 31 26
41 16 25
17 20 24
 5 40  4
 5 33  7
40 38 33
26 15 19
34 19 23
43 26  8
43  3 32
21  7  8
 6 15 23
33 25 26
 5  4 24
44 13 35
20 28 15
 7 27 32
29 35 31
17 33 12
 4 42 35
17 19 18
37 29 33
41 44 19
28  7 14
 8 21 12
40 35  7
32 23 42
37 37 20
44 36 17
21 33 26
12 29 27
35 32 30
 6  8 28
 2 24 29

ta092
48 2
41 23
20 19
22 14
20 22
43  5
16 19
38 25
26 42
37 37
17 21
11 37
17 23
31 17
34 27
34 27
23 31
44 13
41 14
44 26
15  3
 1 12
27  7
13  8
42  8
 4  9
15 35
30  4
19  4
 7 42
32  5
25 38
32 16
26 30
20 25
28 13
42 12
23 14
20 44
10 10
10 24
20 27
23 25
13 33
 2 40
39 37
 8  3
38 10
23  8

ta093
48 3
24 11 26
28 32 18
24 36 11
 3 13 16
28 19 38
41 32  9
30 42 15
 7  4 38
28 25 30
36  5 39
19 13 35
13 21 43
29 26 36
 3  3 32
15 10 20
30 12 20
43 11 15
29 25 25
37 17  8
32 44  8
32 32 31
17 29 44
25 16 43
39 13  7
18 28 39
28 37 39
19 43 13
10 37 38
25 34 33
10 21  5
36 41 26
28 15 16
 1 42 25
21  5 41
22  4 43
 9 12 41
31  9 24
14 14  2
39 22 40
37 36 40
12 15 40
39  4 16
25 34 13
24 27 39
14 43 38
17 33 33
40 16 22
36 24 12

ta094
49 2
25 23
28 25
34 38
20  8
 7 30
 9 34
 1 27
 1 27
28 23
29  7
27 29
44 16
 8 23
33  8
42 20
18 20
35 28
14 25
33  1
 1 19
 5 19
33 28
34  4
16  7
32 14
33 44
 8 18
30 41
23 13
17 12
 6 13
11 31
13 34
44 18
13 20
38 28
22 10
 3  8
40 17
27  5
 7 27
20 29
32 18
13 18
43 18
 3 21
28 34
14 36
 9  3

ta095
49 3
16 44  5
43 38 13
20  5 22
42 16 23
 2  7 31
13  5 24
38 27 43
39 21 26
20 40 18
17  1 33
40 11 44
37  2 27
44  8 33
 7  9 28
41 15  2
20 17 40
35 16 29
35 43 26
 5 21 24
23 24 42
39  3  5
34  3  6
23  9  6
 4 13 42
35 31 18
15 43  7
25 44 24
22 27 29
 5  5 12
18 33 25
 4 22 29
35 13  7
24  8 13
41 41  8
35 31  3
32  1 13
 9 34 23
17 43 25
19 18 21
20 30 42
38  6 20
25  1 36
13 44 19
12 36 35
39 28  3
16 32 40
26 17  5
44 10 44
 2 31 23

ta096
50 2
 5 17
39 30
 4 23
15  3
36 33
10 30
12 19
 1 38
41 43
32 22
15 22
 3 31
25 38
13 37
38 41
21 24
15 13
 9 28
24 26
32 13
24 26
11 28
22 10
15 42
 5  7
13  1
15  9
 9 27
14  9
 6 10
10 23
10 39
12 31
16 43
11 17
14 16
11 19
43 34
11 20
 9 15
24 15
33 32
29 20
10  6
 5 26
15 15
21 22
 4  2
17 17
16 35

ta097
50 3
39 16 32
33 37 41
35 40 11
19 16 39
44 35 31
40 35 22
11 37 22
10 38 30
 2 43 40
33 16 41
18 39  4
18 21  8
28  1 40
33 30 14
39 31 10
21 16 30
36  8 12
39  7 24
14 29 23
 2 31 38
 1  2 24
14  2 22
35 26 15
23 13 34
27 22  8
 8 15  8
20 26 28
11 42  8
30 23 33
25  5 36
30 26 14
 2 32 28
34 25 30
33 31 34
15 14 40
22 12 29
17  6 14
16 26  5
10 35  4
16 29 23
34 11 22
24 37 31
20 25 35
24 18 35
23 32 40
39 40 28
13  8 12
 5  9 44
22 15 44
10 37 41

ta098
51 2
24 18
41  7
44 21
12 36
22 10
 2 32
38 37
32 24
38 39
10 15
40 21
 4 22
12 29
 2 22
 2 22
31 11
33 39
44 44
38 16
33 20
27  4
 7  3
 7 24
11 16
13 43
22  6
44 22
 2  4
15 20
40 15
19 35
35 44
23 35
43 44
38 32
30 22
 7 35
32 36
14  2
15 32
19 31
10  3
 1 26
12 12
37 40
30 19
20 19
 1 37
14  8
25 16
26 11

ta099
51 3
23 25 13
44 44 10
34 10 35
13  5  9
40 32 25
32 44 41
24 32  7
42  2 11
 3 33 34
40 23  7
21 44  6
 8  9 30
35  1 27
 3 22 27
 6 18 15
12 23 14
13 26  8
28 36 39
 5 25 24
 2 42 12
20 39 32
28 36  5
 3 33 24
40 42 44
15 22 10
24 37 29
40 36 10
21 27 41
44 38  8
12  4 28
 7 33  4
16 27 28
40 22 26
11  9 35
34 18 29
 9 14 15
29 25 33
39  6  7
 2 44 12
36 29 43
42 35 29
40 34  9
41 43 39
26 29 15
 3 30 27
20 31 10
13 35 24
38 28 23
40 12 27
41 15 28
17  4 37

ta100
52 2
27 14
18  6
38 28
20 13
16 20
 3 40
18 36
21 24
27 13
 2 23
38 19
 5  8
 6  1
22 27
44 29
11 10
25 23
20 17
 9 14
38 27
37 23
 9 18
25 28
23 20
 7 18
33 16
16 26
43  9
 9 11
44 38
 6 37
13 31
 9 38
15 39
16  4
15 13
20 19
30 16
10 31
27 23
22  3
21 26
40 40
39 44
24 12
 8 43
15 44
21  1
10 22
 9 32
13 28
 4  4

ta101
52 3
 4 21 41
41 40 28
43 23 28
22 17  4
17 32 36
14 43 16
16  5 40
17 43 20
43 30  6
32 23 39
11 38 43
17 23 20
44 42  5
40 13 30
15 38 27
17 28 23
31 39 33
42 13 44
 9 31 23
21 42 10
23 12 44
34 11 23
 5 44  9
16 15  2
11 20 36
10  2  6
38 26  3
28  1 28
 7 14 26
44  9 36
42 23  1
40 18  2
31 26 27
 5 13 28
14 16 25
32 31 37
 8 43 29
17 28 16
 8 40 11
16 27 42
41  6 35
18 18 36
 2 16  3
35 24 21
23 33 14
19 14 30
 4 19 27
34 36 11
 7 25 40
29 33 23
35 15 43
29  8  7

ta102
53 2
37 41
42 34
31 16
35 18
20  9
39 39
 3 33
26 26
13  9
15  8
14 25
11 38
40 18
27 24
44  9
22 39
26  8
26 17
32 15
33 12
44 19
35 43
31  1
27 44
42 10
 3 35
15 44
37 13
31  5
38 14
33 11
18 11
31  1
13 39
 8  9
38 43
20  3
 9 40
34 12
 7 39
35 28
27 34
 7 32
24 26
15 13
31 27
22 20
24 33
 2 25
12 31
32 32
36 33
17  5

ta103
53 3
15 12 36
42 23 19
43 43 23
 6 29 28
 4 44 21
32 25 39
23 11 21
 1 24 20
38 10  1
21  7  4
36 39 18
 3 17 13
35 17 35
13 29 24
42 19  5
18 21 13
11  1  8
42 10  7
28 15 32
17  5 14
19 23 36
19 14 35
11  2 27
 8 42  8
 5 11 26
42  4  6
15 21 33
32 11  7
41 38 29
11 20  3
25 18 13
21 38  7
33 23  5
15  7 20
31  3  4
44 38 44
25 30 12
27  2 28
25 31 13
29 23 20
 7 44 26
25 27 24
39 28 17
19 10 25
 2  1 14
14  2  8
 3 41  1
29 31 35
36 43 16
29 40  8
39  4  1
29  9  8
38  6 20

ta104
54 2
25  5
10 28
 6 20
31 26
 2 15
12 30
 5 27
26 19
22 14
36 34
29  8
11 32
 9 25
 7 25
17 36
 6 21
40 33
23 36
36  1
25 15
 5 18
15 15
29 23
35 21
19 10
31 38
 2 17
36 17
39 22
19 26
14  6
 9 10
 9 36
34 17
 4 34
28 21
34 22
29 11
38 40
 4 31
34 30
 7  7
 6 13
19 24
41  6
42 14
27 43
 2 44
 9  5
 6 38
34 19
17 29
27 10
 5 24

ta105
54 3
33 26 23
44 19 33
37 28 44
 3  5 41
17 11 20
42 37 14
39 35 21
29  2 33
35 11 42
16 13 22
24 40  8
40 36 16
27 42 40
38  7 18
 1  7  1
10 21 24
44 20 37
13 15 15
 4  4 24
35 10  9
36 21 15
22 23  9
34 21 19
 4 15 39
19  2 29
 4 29 39
33 25 34
19 17 38
30 12 26
38 37 33
37 37 33
32  3 30
 3 23 28
37 20  1
 5 40  5
42 38 14
30  1 19
29  2 29
19 17  5
22 37 12
28 41 29
31 12 23
 6 32 43
43  1  6
12 41  5
34 15 21
34 33 18
12  8 37
14  8 35
 5 13 30
25 26 31
17  9 24
16 18 29
26 36  7

ta106
55 2
15 32
44 13
18  6
24 30
 3 29
32  5
39 16
34 37
18  4
32  2
20 14
19 19
19 40
32 26
18 41
36  8
41 12
42 20
37  1
34 30
26 27
27 41
38 27
22 38
35 24
44 25
39 35
31  2
14 25
39 23
19 43
12  6
37 24
 8 28
19 14
44 18
15  3
21 37
31 22
25 37
18 38
35 39
42 11
14  7
25 41
 7 12
 7 11
11 27
15 21
 4 15
20 39
20 22
24 27
11 37
14 38

ta107
55 3
15 36  1
 3  6 25
 8 18  9
26 11  1
 3 23  7
33 11  4
36 38 23
10 19 11
17 23 19
13 16 15
 1 21 37
31 26 16
12  5  6
30 19 42
13 22  4
19 36 41
15 36 16
 7  1 21
16  5 18
34 30 27
 7 39  3
38 26 35
 8 17 41
35 21  7
42  7 19
26 42 41
 8 42 32
23 43 25
43 38 20
17 15 22
43 22 19
24 24 24
39 19 41
14 11 20
44 24 15
10 10 39
 2 35  7
21 27 32
40 29 41
23 40 32
15 36  2
20 37 43
33 19 27
39 31 24
 1 39 31
12 23 19
11 34 29
25 15 25
15 22 40
31 28 39
27 17 23
 9 43 20
18 25 32
16 22 35
12  7  4

ta108
56 2
28 21
33  1
28  7
23 12
 6  3
34 21
21  6
16  4
 2 35
32 13
14  1
37 40
12 38
42 31
39 13
39 14
 8 22
31  2
 8 30
44 33
 4  5
18  6
10 43
42 19
17 12
20 44
24 39
35 28
29 37
34 34
 9 36
18 38
 9 21
13 44
19 14
40 16
35 44
 9  9
28 31
31 13
41 24
15 27
37 39
34 13
31  4
18 15
41 10
25 12
32 24
41 33
31 42
44  3
16  5
 9 25
31 26
44 42

ta109
56 3
 7 22 38
29 22 35
 1 14 32
44 13 16
41 26 20
26 19 41
21  4 34
42 27 43
24 13 12
33 31  9
27  6  4
20  8 20
17 40 35
42 23 28
 2 31 29
28  7 35
30 28  7
35  5 41
 8 10 40
39  6 10
24 13 28
23 18  8
13 21 18
 1  9 24
 6 24 26
 7 40 40
14 40  6
21  4  3
 3 36  1
 8 13 43
24 22 35
26 19 10
44 24 13
22 16 31
17 30 19
27 30 26
15  2 14
44 25 10
 4  3 10
25 20 27
 7  6  8
20 21 31
33 24  5
16  8 17
28 37 25
19  5 19
28 20  6
20 37 11
30 25 42
25 22 17
 1 19  4
31 15 11
23 42  9
33 39  6
21 44 39
41 17 33

ta110
57 2
30 30
43 36
41 44
21 32
13 42
34 40
34  9
 3 33
15 33
14 41
23 15
41  7
10 40
26  1
43 38
17 34
 9  9
39 37
18 10
22  4
10 27
42 26
 8 14
43 30
 4 33
29  6
28 20
11 16
33 36
26  2
19 21
34 20
25  1
32 25
14 10
15  6
11 10
32 40
17 15
44 41
41 41
42 11
 9 11
 6 33
43 24
 4 27
28 21
30 34
38 22
 2  8
26 18
16 38
18 24
40 18
32 15
43 19
37 30

ta111
57 3
 5 23 24
23 12 14
39 43 26
35  7 33
22 35 25
42  3 40
14 36 15
23 25  4
38 30 16
33  2 29
25 30 34
42 16  8
11 15 11
32 13 27
36 26 31
29  2  6
38 35 13
 4  5  1
16 26 43
20 30 26
43  7 42
42 10 22
44 24 19
17 32 32
29 27 24
32 31 43
18  9 28
10 39 11
16 22 25
33 27 34
10 36 29
29 33  6
30 39 17
10 30 22
32 21  3
25 19 23
22 28 40
44  3 21
43 34 13
31 27 33
42 11 42
29  8 40
 4  1 38
18  3 37
26  8 24
 6 23 18
 9 36  3
 2 12 43
39 10 34
 8 31 44
38 43 13
29 12 19
25  3 13
 7 22 19
30  4 26
 3 18 39
42 37 12

ta112
58 2
39 23
35 30
41 43
44 35
43  7
40 15
38 25
 4 25
42 41
 5 26
20  5
 2 14
29 16
 9 18
37 36
40 11
38 33
43 21
22 43
16 21
26 13
15  1
27  4
36 23
22 22
21 42
37 11
36 34
22 21
 1 25
34 27
42  7
12 29
21  6
27 28
 4 43
25 29
 1  8
34  1
32 25
25 31
40 15
16 42
19 27
42  9
43  1
42 36
31 44
15  9
33 43
27 31
41 39
19 22
18  9
11 28
 1 21
34 21
 1  4

ta113
58 3
32 28 35
15 11 39
 9 18 30
 3  2 34
42  2 38
26 12 34
42 39 35
 1 41 39
24 10 17
14  9 22
12 22 36
28 13 32
18 19 32
33 22 23
10 16 21
29 12  9
35 19  9
 1 23  6
14 31 31
40 35  1
22 39  9
 8 36 24
43 14 34
 6  8 37
 2 10 17
12 36 25
19 40 43
 9 24 35
13 12 44
30 15 26
 1 22 29
32 12 28
15  2 25
41 31 42
19 29 11
17 43 14
34  3 40
 7 22 39
 3 13 15
19 39 25
24 13 44
 9  6 31
 8 15 42
33 41 34
44 22 10
 1 34 39
24 41 13
31 40 12
31 38  1
35 29 43
13 40  8
 1 17 18
42 11 24
25  9 29
16  1  6
 6  7 44
30  2 24
20 39 43

ta114
59 2
12 38
17 32
22 12
30 18
30 44
21  2
27 44
 6 36
 4 24
16 44
33 29
15 40
 7 26
32  2
 6 28
20 37
 2 10
33 24
 1 11
34 13
39 35
43 17
25  5
24  7
39 38
43 44
 5 40
10 28
23 22
26 41
24 29
13  3
24 28
44 18
12 26
36 38
35  4
 5 42
30 43
16  3
 2 25
 7 12
29 20
33  7
44  5
 1 23
29 37
33 11
22 41
37 41
 5  7
40 13
 3  6
10  2
35 12
43 25
 7 23
39 44
22  1

ta115
59 3
18  5 40
38 18  8
26 13  9
42 15 39
20 33  6
19 42 40
29 39 10
24 10 31
17 32  7
21 17  6
43 33 33
22 24 33
 2 11 33
33 32 34
42 13 31
40 37 10
19 33 26
44 15 28
36 38 39
 9 22 31
 2  5 40
 3 44 27
 6 43 10
18 18 31
 7 41  7
21 27 42
 1 21 40
41  2 29
25 43 18
 6 31 30
39 37 34
 3 32 27
38 40 13
 5 34 38
 1  2 15
39 37 19
21 15 12
41  9  2
35  5  4
12 22  1
 9  1 13
24 23 25
42  5 10
25 27 32
29 40 31
 3 40  1
14 31  7
44 29 16
18 42 28
33 12 27
24 27 18
13 41 34
25 22 23
34 42 32
 9 41 33
25 13 14
16 33  9
 3 42 36
38  9 16

ta116
60 2
42  6
26 42
10 37
28  1
 1 14
17 44
41 22
19 22
24 34
20 36
33 27
38 29
15 18
24 18
21 29
27 19
32 18
28 16
42 37
32 40
26 40
33 12
41 14
19 11
34 26
18  3
19 18
28 16
13 41
27 37
14 10
25 16
32 42
13 24
39  4
25 32
 2 25
10 37
38 27
33  1
43 13
29 40
11 24
 1 14
34 13
 4  1
11 40
26 17
16 18
24 44
 2 39
17 31
 1 31
 1 39
 8 36
22 31
 9 26
38  1
26 29
 5  8

ta117
60 3
42 43 34
26 44 25
21  6 43
38 22 21
 3 34 44
 4 40 42
39 25 24
 6  6 43
36 18 36
29  3 26
36 31 13
16  2  4
 6 35 32
21 10 40
41 15 14
 1 28 20
27 34  5
28 35 25
29 36 37
35 35 27
33 37  4
17  3 35
 9 31 32
40 43  5
10 19 15
29 10 36
29 35 34
17  3 13
21  8 41
32 32 11
11 15 44
 5 33 18
36 24 12
24 36 42
32 31 35
44 18 17
11  1 26
 1  6  1
38 16 35
35 41 39
39 22 44
22 29 28
 6  6 31
41 37 31
25  6 44
37 30 16
22 22 34
25 22 31
29 11  9
44 12 17
28  1 28
17 29 15
42 11  3
 8 39 13
30 14  8
40 21  1
 1  2 31
19 13 20
 6 15 44
13 37 19

ta118
61 2
19  6
39 14
14 37
 3  8
22 29
39 19
14 15
27 21
39  8
24 33
34  9
43 10
31  9
32  9
12 14
15 30
18 28
33 34
19 17
 1 16
37 14
23 17
 8 12
 6 43
37 29
21 36
33  5
29 11
 7 29
28  5
 5 39
40  8
14  9
 2 30
27 38
 3 22
 8  8
40 21
30 27
 3 19
 3 34
16 27
38 23
41 14
44 23
27 34
34 40
11 43
18 16
 3 43
11 21
16 44
26 43
29 26
 9  8
25 25
27  9
 2 16
23 13
15 35
12 32

ta119
61 3
31  5 11
14 33 12
42 42  4
15 24  4
 8 27 18
17  2 39
39 16  5
36 42  3
 8 25 38
40 20  5
 1 12 32
24 35 12
33 13 11
18 29 12
 5 10  1
23  2 20
42  7 12
20 41 41
28 39  7
 9  6  9
18  2 22
43 14 13
17 29 37
 7 28 34
29 21 32
38 32 33
 2 30 24
19 43 13
38 26 16
36 40 40
 5 25  7
 2 44 27
34  6 40
33  6 17
28 35 23
23 36 20
 9 34  8
19  7 21
29 44  4
10  6 33
41 26 33
42  3  4
27 27 22
 5  5 26
37 14 24
 7 36  8
34 15 35
40 27  6
32 31 18
30 18  1
24 25 44
 7 36 24
28 31 32
20 40  9
43  4 30
26 26 38
42 23  9
40 20 36
43  2 44
27 10 17
31 42 10

ta120
62 2
21 26
24 27
30 22
44 23
 5 21
15 19
26 41
23 21
 7  5
24 33
39 37
28  5
 9  9
34 25
 1 21
16 34
43 43
23 23
 7 44
40 16
42 44
 4 20
 5 17
17  5
22  7
 3 12
 7  9
15 29
42 19
18 22
32 20
22 28
 5 26
21 27
19 44
15  7
10  9
36 40
33  9
 1 37
36 30
 4 39
19  5
27 34
29 38
26 32
26 19
28 22
22 20
15 24
41 35
31 22
37 41
 2 42
18 20
40 33
19 26
30  3
17 28
10 44
43 31
43 25

ta121
62 3
19 27 25
35 26 14
19 14 39
22 40  2
43 26  2
22  3 30
17 10 43
37 13  1
33 25  6
38 10 15
25 11 36
 6  3 10
16 12 17
 5  1 27
39 42 30
29  5 35
27 32 42
14 15 34
27 27 15
25  3  1
 8 25  4
24 41 30
10 37 24
36  7 36
13 12  9
17 42 15
15  5 21
16 12 22
18 11 41
 3 24 21
40 35  9
16 42 21
23 16  1
 1 19 12
12 35 26
 7  2  3
25 10 29
44 10 42
25 36 13
26  6 30
34  8 14
 3 41 16
27 41 14
32 38 27
14 15 31
 9  5 22
41 12 10
38 22 14
37 40 25
12 36  7
 8 41 10
16 12 11
43  9 38
10 24  5
33 37 17
 2 30 40
12 16 31
36 30 39
21 40 30
44 10  2
36 16  6
 8 25 42

ta122
63 2
17 43
 4 20
11 40
28 32
32  6
 5 29
42 35
10 30
44 21
20 17
12 16
40 16
25 43
44 37
19  9
44 26
13 19
29 32
37 37
 5 36
 9 43
 7 15
36  2
 2 19
36  6
16 29
33  9
31  2
 4 32
39 12
41 35
14 24
 7 24
17 23
 7 23
37  8
16 29
 8 14
 9 25
25 24
41 25
 2 13
37 15
38  5
33 28
28  5
42 37
40 18
29 28
 9 12
29 23
13 14
14  8
14  4
 1 17
37 24
 8 15
15 16
33  1
31 36
31 12
35 23
39 32

ta123
63 3
11 23 34
34 29 26
16 13 39
19 13 33
43 30  2
34  5 16
35  5 42
27 22 24
30 29 41
18 26 18
33 35 19
26 42 35
15 11 33
12  8 40
20 41  3
 1  3  2
34 41  8
19 32 35
34 28  2
10  5  1
29 43 31
22 30 23
15 17 32
12 19 39
27 24 41
 3  8 25
22 29 27
40 28 30
11 14  3
28 36 15
34  6  6
33 27  9
 9 43 12
25 31 30
14 23 23
13 36  9
39 32 20
21 33 21
18 34 16
 2 11 16
21 32 25
18 23 14
33 39 42
32 38  9
14 41 43
41 26  5
 8 42 23
39 33  5
39 14 18
30 15 37
38  8 32
40  5 44
 5 41  1
 9 25 42
11  7 39
11  7 36
22 22  9
11 39 14
38 27 43
21 24 10
41  4 24
 5 39 31
22 19 37

ta124
64 2
44 37
30  5
43 18
25 28
26 11
28  7
26  8
38 29
27 14
18  3
23  1
28 18
36 13
22 18
 6 13
 8 34
33 44
23 29
24  7
40 41
13 43
17 11
40  3
15 40
31 21
12 17
 4 17
15 43
 9 12
13 30
40  8
22 13
 3 38
19 27
30 10
 5 21
18 22
34 24
29 18
22 33
42 26
32 30
 2 35
30 17
29 24
20 12
38 10
 1  6
22  4
 8  2
29 33
11 22
16 36
44 27
27 36
15 35
35 25
33 15
20 37
12 12
 9  2
42  6
34 38
27  8

ta125
64 3
21 29  2
25 11 20
 5 10 16
11 14 11
36  4 34
38  9 30
21 14 22
31 30 30
37 40 38
27 35  5
32 23  9
36  6 43
34 35 25
15 20 23
43 10 24
 2 21  6
12  4 41
 4 17 13
30 35 43
17 33 15
27 22 19
11 23 35
 2 44 42
36  5 19
 5  7 38
44 32 20
 7 35 20
32 16 32
 8 29  6
40  6 15
44 18  2
10 32 43
 4 33 32
33 44 21
 9 21 44
23 44 11
19 31  4
24 11 42
40 39  7
32  4 39
30  6 38
27 37 32
17 39 19
40 40 44
33 19 35
43 24 39
33 30 29
40 22 19
12 21  8
 5 15 37
36 17 29
37  3 39
28 26 29
13  6  5
36 24 36
 5 35 37
 8 42 16
12 44 18
10 35 29
19 16 16
25 13 25
26  4 23
15 40 16
41 16 43

ta126
65 2
11 21
25 25
 4 43
28  7
30 16
42 18
22 25
18 11
28 13
11  9
10 13
33 37
24 11
20 14
35 39
21 11
27 17
 1 23
38 29
31 31
36 10
30  9
16  8
 4 24
 5  4
13  3
31  7
33 43
33 32
 2 38
23 15
17 36
39 31
35  5
24 39
18 43
26 24
17  1
27 24
22 17
 7 40
 9 31
27 18
25 20
29  3
35  7
28 38
 8 22
37 39
15 30
17 44
44 11
31 14
22  7
35 33
17  9
11 30
32 27
 6 31
10 21
 6 16
21 22
 4 12
16 33
17 40

ta127
65 3
 8 32  9
36 44  8
41 43  1
13 41 19
30 40 31
27 40 43
 6 25 16
 7 30 38
24  2 23
22  7 20
43 33 35
39 25 29
 1 19 30
25 31  8
30 41 25
32 30 26
36 22 16
18 27 36
24  2  3
16 12 42
29 20 36
26 15  8
28 35 16
 2 26 22
13 26 39
 9 21 33
14 37 16
42 30 29
 4 25  7
44 16 24
26 29  7
33 40 11
16  5 27
17  4 40
10 35 40
38  6  2
41 16 25
14  2 20
27 32 34
 8 22 34
 2 29 20
37 21 42
15 25 31
29 37 17
 7 42 33
21 32 40
33 11 20
 5  4 44
43 12 28
31  7  8
22  9 28
37 15 20
20 18 14
43 23 26
15 13 24
 9  8  5
31  6  1
39 19 11
15 41 26
20 38  9
15 29 19
23  8 28
34 14 27
14  1 14
26 35 32

ta128
66 2
39 35
35 21
35  5
23  1
 1  8
27 35
17 23
18 38
 1 25
 6 29
39  8
37  6
40 20
38 23
18  6
32 13
29 24
20  7
35 44
 4  5
36 29
18 15
25 38
17 36
 9 20
 1 33
20  6
37 32
42 30
26 15
11 44
27 40
21 14
 6 37
 3 11
 4  1
21  2
37 11
34 23
25  2
 3  3
14 43
 5 43
37 23
31 33
10  6
19 33
38 37
 2 23
38 11
33 25
33 43
17 44
13 19
14 27
42 19
 5 24
13  9
31 29
35 23
21 28
 7 15
 2 43
27 33
 8  1
10 11

ta129
66 3
29 15 14
23 14 16
27  5 31
19 10  5
35 35  1
39 20 30
 6 18 33
16 34  5
18 19 41
18 18 24
12 13 18
32 35 35
11 35 39
16  3 30
37  3 18
 3 24 11
42 32 13
22 39 36
23 14 25
 9  5 40
19  9 32
 7  8 41
31  4  1
11 29 30
36 35 16
 3 23 32
31 16 39
31 21 30
12 34 18
26  9 22
10  2 31
44 41 38
42 30 40
22 16 21
11 32  3
28 31  5
21 20 35
38 22 34
 1 33 32
 2 40 19
23  6 39
24  1 28
44 36 38
22  5 37
37 10 44
19 20 34
28 28  3
14  6 34
31 17 24
41 44  8
 7 41 35
22 43 11
27 31 31
20 28 39
11 44 16
42  2 13
34 27 13
43 19 12
16 10 44
 6 37 28
 4  3 37
31 16  9
 3 15 11
34 36 33
 4  8 44
 8  3  7

ta130
67 2
19 34
16 12
 8 18
39  8
22 23
 6 33
11 22
39  3
16 26
 3 25
28  7
39 31
 2  1
35 24
40 11
12  8
 8 38
31  4
13 37
39 20
36  8
31 24
10 22
23 15
39  1
37 19
 6 23
23 12
39 30
10  8
27 15
13 11
12 42
26 17
35 35
35 23
31 27
34 21
20 16
21 24
22 20
30 39
18 38
 3 30
16 20
 9 27
28 32
37 21
40 20
13 12
41  6
25  4
10 15
32 24
34  3
36 24
 9 30
30  8
30 18
38 19
40 41
 1 15
27  8
40 43
34 13
26 44
 3 10

ta131
67 3
28 16 40
26 29  4
 6 23 40
14 28 30
18 42  3
30 35 22
27 39 16
44  5 10
22  2 19
34 34 21
21 37 21
44  3 14
13  5 33
34 13 18
 1 32 32
41 35 43
41  5 22
 4 17  9
39 29 12
31  4 27
29 17 34
20 37 36
10 19 39
34 18 31
33 38 26
43 43 18
22 26 12
21 37 29
43 18 20
12  5 19
 3 27  1
 6  5 41
28 26 39
41 32 16
 4  7 32
36 16 24
28 41 30
38  9 23
16  9 24
 5 22 20
16 42 14
21 32 36
31 27 34
29 15 18
24 26 38
41 18 31
42  8  2
41 29  9
33  9 18
22 35 41
18 24  4
19 25 34
 3 27 20
41  5 33
34 43 26
13 14 27
29 20 35
37  7 15
19 20 14
 5 32 23
18 10 36
38 12 35
14  6  1
 5 38 35
11  2  3
14  7 30
27 21 40

ta132
68 2
35 37
16  6
25 18
34  1
 6 21
42 39
42 23
40 41
41 32
36 43
 9 27
25 26
 1 27
 6 12
 5 13
28 22
12 27
27 17
21 32
31 18
25  5
40 29
41 40
14 23
 7 17
10 43
36 23
31  9
13 35
 6 43
12 22
40 37
37 20
28 15
41 23
21 10
 1 18
19  5
32 41
29  5
14 27
 5 33
 3 29
31 33
41 19
 5 30
27 33
 6  3
 9  3
36 21
13 43
27 29
40  1
43 18
 5 27
22 16
 6  2
29 30
17  8
34  8
34 40
19 23
18 36
27 12
13 16
40 29
 5  8
37 15

ta133
68 3
44 21 37
 3 31 13
29 14 41
34 24 26
 4 21 30
 2 13 28
32 17 25
 5 12  5
19 31  6
33 32 38
12 43  9
15 30 41
15 32 21
21 11  5
26 29 12
 2  8 36
30 38 16
21 21 20
34 40 10
32 28  1
 8 41 27
 4 22 26
17 33 36
34 31 25
 7 11  7
21 24 27
37 17 23
14  3 39
22 35 22
34 26 34
32 28  4
21 14 15
23 23  7
31 29 19
 1 41  8
36 15 11
13 13 17
27 39 11
22 38 38
33 27 32
 4 27  8
 2  3  4
21 31 41
37 43  1
21  7 33
 4 14  7
31 30 21
12 21 13
18  5 33
37 43 21
21 34 40
19 27  2
12 43 39
 4 15 29
14 21 15
16  6 33
23 19 24
32  2 41
12 37  7
39 29 42
16 28 32
21 17  9
 5  2 25
31 37 16
12 28 16
36 42  1
43  2 44
 1 15 25

ta134
69 2
41 33
33 44
 8 35
40 17
15 41
33 31
41 38
 5  6
11  5
 9 37
26  9
20 18
26 20
39  6
41 27
43 16
14  7
24 28
21  6
39 34
35 20
 2 16
39 29
40  5
41 37
36 40
36 22
43 32
13 15
19 32
40 34
21 32
43 18
17 35
14 21
30  5
10 19
 3  7
 8  5
23 41
25 35
10  4
36  4
24 37
 8 36
16  6
32  8
39  1
44 14
18 22
12  5
35 20
 8 31
30 18
20 37
25  9
36 22
 8  6
25 17
41 39
39 25
28 22
 6 25
18  3
25  2
 7 39
32  2
29 21
 1 35

ta135
69 3
40  5 18
 6 18 15
12  8 14
10 44 34
21 27 18
23 28 32
22 13 14
28 13 28
38 18 30
30 21 35
38 31  5
34 22 36
21 33  8
13 11 43
11  8  3
36 26 25
21  9 19
42 43 33
21 13 36
35 13 44
29 26 31
23 17 13
29 31  6
26  2 39
25  9  3
16 17  6
25  3 37
 6 10 13
17 41 33
17 13  9
44 31 21
 8 28 29
13 32 36
34  7 39
20 40  8
24 18 35
31  6 41
31 11 10
 8 24 17
18  7 21
25 12 18
41 27 16
19 17 25
18  3 29
15 36 40
42 30 14
 6 38 24
42 31  8
12 13 21
11  1  5
12 39 26
15  9 39
22 23 13
36  5  2
10 13  4
13 17 20
15 10 38
 3 13 14
42 28 26
11 30 14
40  8 16
21  7  9
 3 44 27
 1 21  8
 2 14 33
23 32 19
 4 44 41
 1 41 36
11  9 26

ta136
70 2
12 18
26 14
11 38
43 41
42 30
34  6
40 10
18 37
14 34
31  2
44 26
20 40
 8  7
30 18
39 12
24 10
43 27
35 26
 1 32
10 15
 3 18
36 37
43 13
 9 35
23  9
27  2
25  7
27 31
43 30
 6  5
 9 26
 3 30
 7 25
 8 13
19 36
36 27
25 17
44 27
35 28
42 40
42 40
39 31
30 23
29 36
 1  5
28 16
26  6
 6 22
16  6
31 18
 6 41
16 32
17  1
22  9
 8  1
41 15
33 11
 7 13
31 16
 1 28
40 16
13 15
 8 21
 1 20
11 23
12 29
42 24
35  2
24  8
14 29

ta137
70 3
 1 21 29
44  8 14
27 16 43
38 35 44
 6  3 23
34 28  2
25 40  1
 3 43 29
34 13 18
 9 21  5
34 24  3
16 28 20
31 13  7
39 38 29
21 18 32
12 23 40
 2  1 19
23 27 18
29 43 22
44 11 39
40 19 40
39  4 12
42 35 19
 3  3 15
39 31  3
16 26 26
42 22 35
23  8 20
30 12 41
29 31 29
42 31  2
12 43 20
34 26 14
21 15 32
21 43 42
 4 28 41
16 14 17
41  3 34
 5 17 11
20  9 37
15 14  4
35  6 17
14 27 32
27 27 44
12 21  7
 3  3  9
23 27 29
 1 13 18
12  2 29
12  7 27
 9 14 18
22  7  2
29 31 38
26 35  1
10 34 31
18 29 27
27  3 15
 2 41 27
 9 15  1
31 23  5
32  2 21
 6 18 13
27 35 15
 6 19 16
16 42 37
28 35 24
31 39 17
 3 30  5
12  7 18
35 14 36

ta138
71 2
 1 42
 9 34
38 33
25  5
16 19
35 39
12 22
29 43
30 44
35 25
24 22
44 28
32 30
17 16
38 11
40 36
22 23
 5 21
 8 27
 4  4
 4 31
 8 13
 5 22
35  8
21 13
21 18
 1 33
13 23
43 26
 2  9
17  9
11  5
24 43
18 33
17  8
36  4
40 31
21 37
15 32
23 11
39  9
40 26
34 22
36 33
10 26
23 27
26 40
32 39
21  4
33  6
 5  2
35 13
21 18
22 15
12 21
 9 11
 3 36
14  8
14 29
15  2
 8 30
23 35
30  9
22  1
44 27
16 11
43 17
 6 37
18 27
 5 17
44 21

ta139
71 3
21 34 18
12 25 35
27 24 25
37 33 32
43 20 23
 1 28 12
41 22 16
30  5 42
13 30 30
21 34 32
24 43  2
31  9 34
18 18 29
32 19 20
 2 24 23
12 19 31
14 18 43
38 21 23
 6 36 29
20 44 39
 6  6 34
38 13 35
30 13 11
34 27 11
28 10  4
40 29 26
20  2 12
44  7 17
33 31 23
24 25 18
 5 43 19
34 26 13
30  8 12
33 27  7
20 25 36
33 10 12
20 11  7
 4 44 43
28  7 44
18  6 26
12  6 32
38 29 28
36 38 28
35 10 21
15 32 20
 6 24 27
25 44 21
12  5 15
11  1 44
21  7 20
14 13  3
30 21 21
19 26 40
 8 42 17
28 29  1
31 34 12
23 23 27
18 37  6
 6  1  2
18 28 29
29 16 31
 8 22 42
18 29 11
43 31 42
31 17  3
 5 28 20
14 24 12
32 42 28
38 40 20
42 25 21
19  2 43

ta140
72 2
12 24
26 30
21  7
 4 13
 5  2
24 37
29 31
21  3
 1 17
27  4
 4 18
41 18
 3 15
26 22
21  5
35 25
29 43
20 37
22 19
 7 13
10 12
 7 31
18 36
 9 10
44 39
24  4
37 43
40 39
27  8
27  7
26 27
36 44
11 44
 8 31
12 28
26 27
10 14
39 36
11 11
 1 12
 7 17
23 26
26 32
32 31
 4 26
11 14
36  1
32 28
20  7
20 18
29 23
43 17
14 42
38 23
 4  4
28 17
 8 16
 1  9
 5 11
19 24
13 22
27 30
18 13
35 10
27 11
17  5
36 27
27 29
19  7
13 29
38  9
27 44

ta141
72 3
43 39  6
21  1 23
23 10 32
41  6  8
40 13 43
 2  7 29
41 38 32
23 26 26
33 17 34
43 42 35
30  4 39
28 32 24
 7 15  9
 4 33  8
17 39 21
20 33  6
 8 12 22
10 13 34
13 20 13
25 32 29
33 25 12
42 11  3
13 13 26
20 39 37
20 38  5
25  6 31
 5 14 28
29 35 31
13 21 35
 6 15 12
11 27 27
25 15  8
40 20 29
19  8 21
25 32 17
29 34 20
29 33 14
27 20 19
 2  5 34
25 29 34
13  7 42
14 10 13
10 40 23
42 29 31
 2 31  6
 7  4  4
15 29 32
16 21 27
42 28  7
 9 24 10
18 15 35
40  7  1
24 11 22
 5 19 38
41 31  4
27 25 34
13 39  2
31 11  1
 2 42 30
15 17 27
 6  2 17
14 25 14
41  7 25
 5 28 37
26 11 10
38 19 35
23 15  3
18 40 30
 8 31  5
34 38  9
15  9 39
40 43 18

ta142
73 2
22 28
 7 35
31 19
10  8
11  9
 5  1
36  8
23 40
36  2
24 33
 6 32
 6 38
10  8
13 16
35 20
43 31
12 37
17 35
28 33
29 28
 8 32
19 44
27  4
43 30
31 19
17 38
16 10
12 34
23 13
25 23
 6 38
18 35
11 18
33 44
35 33
12  4
17 40
25 18
13  7
12  6
10 28
30 16
 3  5
15  2
25 28
13 16
 8  7
23 14
15 28
33  9
15 43
39 42
 7 14
22 21
29 38
21 17
 2 20
14 23
 9  3
33  6
 3 31
19  8
20 41
40 10
18 12
 4 29
18  3
36 11
33 32
 9 34
28 39
18 32
 7 41

ta143
73 3
14 33 37
44  6 12
40 27  6
28 25 32
22 11 18
12  3 18
34 36 43
44 29  3
34 22 39
43 23  9
14 32  1
24 28  8
18 18  6
37 34 36
41  8 31
 2 10 43
17 17 36
44 42 15
42 15  5
35 11 28
18 41  5
42 14 37
31 43 27
10 39 30
12 42  3
 8  3 21
17 33 12
40 27  7
17 15 34
30 26 14
 4 28  8
23 19 38
31 43 38
38 16 11
16  7 23
 7 32  1
13 35 12
28 18 23
16 22 14
42 26 44
 4  1 17
14  7 12
23 34 23
10 21  4
28 24 17
 1 25 21
29 10 28
34 18 36
 3 20 10
30  7 42
24 33 18
38 35 15
39  3  1
12 29 42
22  4 14
 8  1 38
 6 15 42
38 14 16
17 14 28
26 11 31
 2 37 28
25 30 32
31 34 33
 2  7 22
20 17 26
30 12 14
22 40 20
16 24 36
 1 30 20
 2 22 21
32 13 36
15 10 36
14 41 18

ta144
74 2
27 21
11  5
 4  9
20 19
41 35
31  2
14  5
16 11
30 14
37 25
 1 13
29 12
13 15
38 31
 6  8
35 16
15 41
39 19
 9 11
21 28
26 12
23 12
35 20
18  9
20  4
25 23
22 17
18 14
37 43
37 34
15 33
13 34
 1 15
32 18
10 42
 2 19
37 10
44 33
35 17
21 38
41 30
11  3
28 12
39 43
23 26
26 10
18 32
13 37
43 33
12 21
32  1
44 22
 2  6
31 12
17 29
24 20
22 44
37 30
22 11
 7 33
21 33
39 28
16 37
 1  5
41  8
34  2
 6  1
 6 40
30 33
 1 22
26 28
27 39
 2  6
32 19

ta145
74 3
39 28 15
33 26 24
 1 44  6
16  6 10
 5 26 15
 9 39 22
15 22 39
41 44 33
11 30  7
37  7  1
27 10  5
27 10 14
38  2 20
27  1  7
35 14 28
36 17  1
13 18 44
24 36 11
24 42 28
26 23 41
17  8 37
 5 34 40
 6 22 16
 2 16 38
 3 33 21
33  7 31
 6 20 13
 7 25 34
 2  4 19
38  4 13
30 12 24
24 10 38
14 30 25
32 30 39
30 12  2
 6 22  3
35 35 36
42 20  3
29 10 27
 3  4 31
22 13 19
 4 16  4
14 23 23
27 19 22
 7 19 34
18 22 14
33 41 26
17  3 13
22 33 37
21 39  1
11 11 27
39 10 18
21 27 40
42 36 43
24  9 17
14 35  1
14 11 33
14 15  8
 5  6 10
 7 26 27
12 38 29
23 16  8
40 12  9
16 42 40
18 35  5
28 37 39
41  8 42
36  7 28
12 42 41
20 34  5
 9 14  1
14 31 43
15  2 37
 9 19 24

ta146
75 2
36 42
14 38
41 24
 3 22
14 15
10 19
29 20
31  1
11 19
12 20
23  4
 8 28
40  5
 5  6
13 35
 3 33
34 19
44 10
15 19
 1 17
17 13
36 38
 5 26
29 11
13 14
36 18
41 43
 2 32
35 31
43 36
19 41
 9 23
13 22
30 10
21 22
31 36
18 39
 4 10
13 14
24 14
20 39
38 43
44 29
36 35
18 12
19 28
21  9
43 20
 4 14
26 27
41 20
35 35
28 44
44  2
40 36
20 22
 7 29
17 25
 3 10
24 28
30 39
37  9
 4  3
16  9
41 28
 7 44
33 41
17  1
 5  4
16  1
30 35
40 27
36 42
22 37
37 18

ta147
75 3
18 38 35
42 41  2
28 26 32
26 29 36
 6 12 30
21 33 10
12 17 21
44 39 23
43 40 44
10 17  6
26 23 17
23 11 13
 9 35 44
16 18 23
16 34 17
39 30 28
42 16  9
12 25 21
42 18 43
12 44  2
 2 18 10
26  1  6
19 27  2
17 12 43
10 41 43
42 28  6
 7  5 11
16 13  2
42 14 43
41 26 37
14 42 35
43 14 44
13 35 33
11 20  3
27 25  4
10  2 29
22 44 34
38  5 40
36 30  6
 9 28 31
 7 23  1
 9  3 15
 8 12 27
44 30 38
17 40 29
 8 34 32
42 33 13
15 20 26
 3 21 37
40  8 28
39  5  7
 3  4 42
 3 19 23
33  2 34
 2 23 15
41 21  9
11 28 41
18 11 40
19 37  4
19  6 27
22 13  5
44  5 26
32 15 37
32  6 15
10 10 31
23 13 41
12  7 44
28 30 24
31 21 38
11 28 12
38 28 14
40 11 34
30  3 18
34 10  7
17 23 23

ta148
76 2
26  9
 2  9
41 24
 7  8
43 27
39 27
25 13
28 32
21 31
25 39
22  2
14 43
42 37
11 24
22 42
38 12
 8  1
 6 12
37  3
32 33
32 20
15 13
17  8
 5 35
34  2
33 20
37 29
 2 24
40  3
12  4
13 27
30  2
34 28
20 25
 8 16
40 19
44 37
 7  2
32  1
26 35
32 21
34 20
 9 18
19 24
44 26
17 34
35 28
20  5
34 14
23 34
32 25
28 19
 7 15
21  1
22 44
37 39
22 22
17 37
38 10
37 17
 9 40
25 26
43  6
28 16
17  2
12 19
23 37
 3  7
38 16
14 39
42 19
 2  1
33 23
13 14
12 28
12 25

ta149
76 3
21  7 26
37  1  2
20  1 31
 5 28 20
32 19 16
29 20 10
43 22 41
43 19 34
39 25 38
20 38 15
 5 34 35
32 42 16
12 11  7
37 41 13
 8 38 36
26 14 15
 7 28 39
 3 29 34
28 23 32
36 42 20
 9 44  8
17  1 38
30 44 22
 1 18 10
 3  7 26
29 35 26
43 13 12
23 13 10
21  2  6
 1  4 19
28 20 13
31 29 42
 6 36 37
43 41 14
37  7 11
29 44 23
 9 44 32
 6 38 30
 9 30 31
42 40 43
33 29 40
 4 17 42
41 16 22
29 23 44
34 44 17
42 31  7
44 36  3
27 37  5
31 22 27
28 23 44
11  8 40
39 11 12
19 34 34
13 32 28
 1 24 21
33 17 38
13 11 43
25 42  5
40  6 37
36 17 39
16 14 38
23 18 16
 4 39 34
 6 24 41
17 32  4
20 26 13
28 43  6
33 15 12
 1 31 10
36 43  5
20 27 18
39 41 19
34 22  7
 6 29 23
 5  8 32
 3  8 11

ta150
77 2
 1 21
24 24
 8 19
34 28
44 26
23 32
 7 13
40 30
31 41
24 22
35 30
30  5
 7 23
14 27
29  8
25 42
23 43
36 23
25 40
20 43
 5 14
19  9
44 19
44 17
27 19
21 35
23 30
20 15
36 20
17 30
 6  8
44 37
 2 25
 9  8
22 18
 5 35
22 25
17 22
12 21
 6 32
24 42
44 10
31 34
20 38
24 21
31  6
23 34
38 42
15 27
 8 19
11 37
39 10
15 30
14 42
13 43
 4 15
15 29
 7  8
 8 34
 6 12
 6 16
29  1
32 44
13 32
32 20
 8 29
14 31
22 31
 3 35
39  1
21 22
25 25
17 16
36 38
28 30
35 25
21 40

ta151
77 3
13 40  9
38 22 16
18 26 11
38 36 20
 2 28  8
20  6 17
40  5 35
29 35  4
29 16  9
19  5  2
29 27  8
18 18 27
23  9 13
24 27 39
11 31 34
42 15  8
31  8 25
19 30 17
 6 29  5
 5 10  7
 8 44 22
10 10  9
12 28 10
25 41 41
 4 16 23
40 18  5
14 31  2
 1 33 41
21 11 42
36 13 34
23 19 44
 7 17 28
18  1 22
25 30 31
42  6 11
29 15 14
38 10 12
 1 35 23
 5  7 11
26 34 44
11 21 16
21  3 23
42 41 44
39 23 17
28 34  2
16  3 27
30 37 40
29 42  4
22 23 28
21  3 10
18 36 12
22 14 10
16 22  4
33 31 19
14 44 31
39 18  2
22 34  5
28 40 41
 4 27 23
12 43 25
40 21 38
35 21 31
 5  6 20
36 44 26
24 42  6
22 15 42
17 28  5
26 44 14
 6 34 41
16 19 32
31  4 23
23 37 10
25 24 23
44 34 13
27 30 34
23  5 42
36 27 13

ta152
78 2
26 40
16 20
14 22
25 30
32 35
34 31
33  6
41  3
 2  5
40 42
36 19
17 38
37 43
14 25
27 30
43 24
37 19
 6  9
 8  4
23 33
44 39
36 10
44 26
39 25
38 20
 3 38
40 29
22  7
23 22
27 16
 8  1
 3  3
36 10
39 14
44 33
40 42
27  8
42 42
28  8
38 12
 5 34
32  7
27  6
29  8
42 44
30 31
21  8
25 44
36 34
18 34
32 26
25  5
25  5
11 32
32 24
23 15
28 16
11 18
13 40
20 31
26 31
16  1
 3 10
22 19
27 42
 6 39
34  4
25 23
 9 27
26 22
39 41
21 18
21 15
 3  6
41  7
31 41
14 32
 9  1

ta153
78 3
11 25  3
16 28 37
 6 34 19
29 26 24
35 32 10
31 14 42
36 29 11
42 24 32
 7 16 22
20 12  9
25  3 40
25 13 29
24 11 38
 3 36 32
44 37 34
23 15  9
42 44 27
16 41 24
35 13  2
16  9 12
15 30 22
10  4 24
29 11 20
26  8  4
 4 34 38
24 43 31
42 28  1
13 23 12
27  9  6
16 34  1
27  9  2
27 32  7
10 34 33
11 39  5
34 17 37
24 13  8
31 12 15
15 18 25
12  2  8
11 28 40
18 13 21
19 43 44
 2 22  2
32 14 10
43 32 33
41 23  6
19  3 41
43 30 23
31 12 35
22 16 31
44 43  6
38 38 27
28 15 19
38 23 35
 7 43 42
 5 17 31
36 15 23
 2 36 26
43 19 27
42 33 31
 9 25  7
15 33 16
 5  5 38
 7 13  9
32 25 25
 7 37 32
26 26 39
 5 30  1
 8 42  7
25 39 20
 1 30 27
32 30 43
28 36 11
27  1 13
38 30  2
15 14 11
 1 37 26
40 17  8

ta154
79 2
36  5
39  7
 8 35
 9 24
10 18
 6 27
26  1
40 26
23  2
21 44
25 27
11 44
43 38
29 40
24  3
39  6
14 19
40 25
 4 22
29 21
18 21
 3 20
24 20
33 14
16 19
14 24
19 17
27 10
38 40
 8 15
 7 13
 1  8
24  1
13  7
 6 15
23  2
18 44
27  5
25 36
20 24
 5 15
25  5
33 15
31 42
37 30
32  9
14 15
15  5
20 39
40 24
 7 26
 8  1
41 13
 7 19
35 23
29  2
20 29
10 36
33 41
20 10
14 16
15 20
28 15
32  4
30 22
29 30
41 41
18 23
 8 24
 8 20
 9 12
 8 14
 2 31
33 30
 5 23
17 24
20 31
10 35
12 33

ta155
79 3
18 27 25
 4 34 14
38 44  6
24 11 32
29  9 33
44  2  3
 8  1 19
42 26  3
43  7  5
 5 11 11
31 27 12
19  7 26
39  5 23
38 20  2
25 10 19
17 39  9
35 21 29
 8 27 11
14 21  1
23  5 27
 9 33 34
39 37 29
21 10  2
 8  5 41
24 14 25
17 17 17
28 26 13
40 15 34
26 23 44
 1  5 31
25 17  1
40 30 32
13 30 17
35 41 30
 7 28 16
33 29 13
30 42  4
29 40 23
15 14 19
44 14 15
29 20  5
15 27 33
40 28 29
38  4 31
44 37 30
27 33 31
19 37 39
31 16  8
27 40 21
23 26 16
13 14 17
 3  7 21
25 36  2
28 37  1
29 36 38
18 30  3
37 32 25
33 25 21
21 42  5
41 33 31
12 18  3
13 26 35
15 42 31
 9  3 42
30 35  1
38  3 24
15 10 11
19 30 38
36 25 33
40 27  9
17 28  4
15 16 19
43 16 11
 3  4 32
17 29 30
28  3 35
21 27 40
25 27 24
20 38 33

ta156
80 2
 9 22
 2  2
19 16
23 36
19 38
15 20
26 40
32 14
12  6
23  3
 1  9
 9 22
43 20
44 13
36  2
25 40
23 30
35 38
10  2
29 17
38 37
11 34
33 16
39 32
 8 12
16 18
41 36
32 44
13 24
 4 44
16 10
44 18
14 20
41 41
 5 38
 4 11
22  7
 9  9
42 20
34 28
25 13
 5 24
31  8
43 31
42 35
26 30
42 30
 1 28
37 38
21 14
19 43
27 15
 8  5
41 35
27 24
 3 37
35 20
19  3
 6 20
32  7
21 10
43 15
13 19
13 37
 6 26
16  5
43 20
 9 27
31 35
17 26
11  9
 5 18
33 33
39 23
11 42
23 17
 7 15
37  9
 1 13
 3 34

ta157
80 3
37  4 29
 2  9 42
39 15 11
37 17 15
 4  6 40
13  6 25
26 24 25
35 27  8
 3 43 42
29 28  1
26 18 33
27 33  7
24  3 10
35 39 24
12 18 26
 9 13  1
20 25  4
21 31 23
 9  3 22
22 44 10
 1 10 32
11 11 44
26 21 17
33 33  4
15 35 29
 2 24  9
27 39 30
42 10  4
41  6 31
10 19 31
29  3  4
44 35 29
36  1  7
26 27 36
28 31 36
 1  6 40
38  8 24
14 39  5
24  3  1
29 15  5
13 17  3
31  4 31
 1 15  1
44 10 23
 3  1 13
39 14 23
13 41  1
35 16 12
 8 16  9
43 21 32
29  8 30
 2 14 11
34 42 28
 6 44 35
40 39 42
 1 12 38
37 30 34
22 17 18
 5 22  1
36 24 32
23  2 39
13 15  2
37  1 32
 2  5 17
40  7 41
10 40 22
14  7  5
15  6 35
43  8 36
13 42 36
10 42 18
40 28 42
40 27 24
41  8 12
 7 35 25
18 26 10
21 39 27
23 23 18
28  9 41
 5 15  7

ta158
81 2
10 25
 3 40
36  8
43  1
24 44
14 13
43 18
43 38
 8 16
10 25
27 27
36  3
10 32
20  1
13 19
 2 36
12 17
31 28
 9 12
43 18
19 26
30 22
25 14
25  6
19 34
 1 25
40 34
25 28
33  1
30  5
32 42
32  5
42 23
 1 26
31 16
30 40
17 36
 7  2
41 15
23 41
 8 15
27 23
19 21
41 23
36  3
40  9
27 38
31 22
38 25
24  3
13 43
19  4
 5  6
 8  4
28 24
31 18
22 34
42 17
16 10
31 21
27 23
35 29
20 22
14 24
 5 29
 9 17
36 21
28  9
41 23
19 13
14 37
39 13
17 22
31 38
41 14
 7 29
39  3
20 35
 9 35
28 28
37 29

ta159
81 3
43 43 16
15 27  2
 6 33 21
37 35 19
 8 34 29
22 12 43
35 21 27
36 23 24
22 33  1
38  1  6
40 36 21
29 38 40
42  2 40
29 32  8
37 14 38
21 40 31
 6 31 23
30 37 17
 2  8 21
36 37 39
 2 12 33
15 42 44
42 23 40
33 24 11
 4  7 33
20 43 10
31  2 37
14 32 14
28 10 44
 5 27 31
20  7  9
 1 28 21
19 22 17
38 23 17
35 18  8
13 27 30
28 26  9
12  5 36
 2 32 24
19 32 32
 1 38 41
10 13 18
 2  3 24
13  2 21
37 38 23
21 24 15
 7 16 28
14 21  2
22  9  3
18 44 40
41 44 35
29 37 30
21 26  5
34 12 25
 7 16 25
32 19 11
13 26  9
10 13 17
 5 32 18
39 32  5
15 28  3
29 17  2
31  8  1
38 44 42
10 17  5
 4  8  5
21 34 34
36  6 18
31 31 32
18 25  6
13 26 38
 1 20 28
22 23 44
24  2 12
11 19 26
12  1 40
13  1 25
13 19 43
16 24 22
30 42 30
15 13 27

ta160
82 2
39 26
19  4
 9 42
21 26
29  5
42 33
23 26
32 37
20 30
36  6
25 26
44  8
40 30
40  6
37 25
14  9
33 29
16 37
 8  8
36 42
36 19
40  8
21 10
37 42
35 37
22  1
23  7
 3 14
26 11
 9 24
 2 15
34  4
36 33
 1 39
10 39
29 13
38 38
15  6
31 37
31 31
37 42
16 44
 4 14
31 26
26  3
11 41
44 13
40 21
30 36
17 33
10 43
32 41
 9 10
 7 29
37 42
27 34
25 23
31  5
44 35
 1 22
 3 19
13  8
28 32
14 26
42 38
20 40
20 43
21 39
10 20
36 38
 7  2
33 29
20 22
17 22
26 36
22 40
35 39
31 35
30 25
13 21
41 26
31 44

ta161
82 3
22 32 15
27  2 37
39 25 44
 8 16  1
31 29 33
 7 16 36
44  7 17
25  5 26
13 31 10
30  7 15
41 25 16
34  7 32
 7 35 21
34 42 42
40 27 24
30  5  2
36  7  6
 5 26 25
27 41 28
34 15 15
27  9 18
29 12 35
29 41 22
 1 44 25
16 11  9
19 29 22
 2 27 27
 9 39  1
10 36 44
36  7 10
 5 18 21
 6  7 34
24 12 16
33  2  8
24 35  7
25 33 15
16  9 12
 6 32 32
32 19 15
18 20 20
36 38 34
12 41 26
 5 11  5
20 40 18
 6 14 25
19 29  4
38 29  3
29 20 43
43 43 31
33 18 32
19  7 37
41 41  8
19 12 38
25 21 23
11 41 14
39 44 18
 8 14 34
11 24 35
17  8 19
35 14 43
40 17 37
17  1 33
26 10 17
18 44 18
10 14  9
25 18 24
30  4 43
13 26  5
42  9 27
 2 25 34
34 28 42
40 30  4
31 39 40
25 13 35
 2 35 14
17  1 11
26 37 34
39  6 10
44 27 35
32 19 37
 7 24 30
27 28 16

ta162
83 2
20 15
28  5
38 24
28  6
36  8
12 36
36 26
 8 17
21 32
44 39
23 32
41  3
13 44
20  4
19 34
 6 19
 7 42
42 31
27 21
43 11
12  1
19 36
15 44
40 38
29 34
 4 42
28 34
38 32
18 26
36 39
 4 25
31  3
 3 38
29 38
29 22
35 44
34 34
28 23
13  5
32 14
 4 26
19 29
30  9
36 18
 5 10
13  2
29  5
 7 31
14 17
34 22
16  3
10  8
44  5
 8 38
 6 15
19 14
38 23
36 22
 6  3
17 38
 3 12
34 19
 9 34
15 30
28 41
10 41
16 11
43  2
17 12
30 25
 1 42
12 35
35 44
 8  6
13 29
25 12
44 40
20  4
13 35
43 11
34 23
11  9
 5 23

ta163
83 3
43 27 25
34  6 39
17 37 38
 5 44 44
29 10 26
 9 17 44
17 43 41
20 36 39
33 27 14
20 35 22
32  3 30
12  1 25
26 24 23
31 39  8
 3 15  5
13  7 33
30 26  7
11 37  7
27 24 36
31  2 24
26 42  2
16 18 41
15 17 10
 1 28 38
21 30  4
33 17 22
35 20 21
25 34 10
16 21 11
23 30 22
34 39 22
44  6 41
 7 32 42
 8 43 34
24 29 43
14 35  8
 3 38  8
15 41 26
 4  1  8
36  1 41
31 36 32
32 12 33
16 21 25
 7 26 29
24 27 22
31  1  6
12  2 31
 4 20 36
15 19 43
41 41  5
34 15 32
 1 21  7
 2 37 18
10 43 14
27 40 13
23 35 14
 4 17  1
 3 25 43
11 28 16
41 18 37
34 19 25
21 18 11
41 24  6
15 29  9
33  2  4
17 21 25
24 36 29
30 37 24
 5 32 35
33 35 38
35  6 19
25 21 24
34  7 22
 2 26 12
 8 34 32
36 14 24
40 38  8
36 17 26
 9  5 27
 1 17 31
21  9 33
13 24 23
35  8 26

ta164
84 2
24 27
14  3
22 10
17 22
 4 37
13 18
11 38
42 31
44 33
37 17
16 42
34 35
36 25
18 24
40 10
 9  2
 6 43
17 11
38 34
40 16
36 27
23  9
 4 14
11 15
36 27
25 34
42 36
10 27
38 24
12 41
37 38
27 38
28 12
12 12
21 31
38 11
38 21
26 33
19 25
32 22
15  3
32 13
30 19
 5 15
34 35
18 14
23 43
24 42
 1 29
25 37
 3 43
38  6
34 14
41 21
11 21
 8 13
37 34
27 34
 6 14
 9  9
 8 41
23 31
13 24
33 39
42 28
33 34
44 39
20 16
 9 27
24 16
23 28
 4 13
27  5
21 33
17 35
36 31
21 17
30  6
21  7
37 10
26  3
24 28
33 19
14 42

ta165
84 3
14 11 25
23 35 38
31 24 38
11  5  9
 3 44 22
 7 36  3
14 28 10
15 40  2
35 14 34
21  5 21
25  9 36
24 20  6
10 13 40
28 31  6
12 11  3
28  8 27
25 17 36
31  5 30
32 43 16
23 33 22
 4 11 19
17 31 40
18 24 25
16 41 23
 7 30 42
 4  3 30
44  7  7
 8 40 32
30 38  4
 6 36 21
35 32 25
19 25 20
31 40 24
 7 11 29
 2  9 20
13 24 19
32 28 41
30 24 26
15 40 15
31 31 37
37 12 32
 4 26 10
43 32  6
22 18  8
 6 37 41
22  7 32
13 18 14
29 19  8
25  6  9
44  4 29
 6 44 10
32 15 44
41 43 28
10 15 37
14 11 11
34 25 31
30 37 34
27 19 14
23  8 38
25 24 20
 2 44 28
21 16 18
42 18 23
42 26  8
 5  3  3
22 16  8
41 36 25
22 14 11
40 24 26
40 10  7
 6 16 19
 8  9 16
 9 37 39
38 36  7
 9 32 12
26 23 17
11  1 37
30 29 33
40 24 30
17 26 37
36  3  9
16 36 10
34 41 38
32 13 24

ta166
85 2
14  3
 1 19
13 27
44 15
 1 10
29  9
15 21
32 31
13 29
30 36
12  2
 3 33
43 38
41  2
37 26
23 24
32 14
17 26
32 21
11  3
18 11
37 27
19 44
 1 16
23  3
29  9
 2 22
12 12
 1 12
21 20
31 43
23 19
31  6
22  2
 5  7
43 36
19 27
19  1
10 20
15 43
37 25
24 34
42 14
22 11
 2  5
26 21
 1 36
17 19
32 18
41 13
23 44
12 16
 4 37
35 19
 3 11
 2 25
42 22
28  6
19 33
22 18
29 11
44 44
25 23
36 27
11  1
14 37
24  2
21 37
14  8
31  5
23  3
 9 35
 3  1
24 23
 8 12
44 44
41 24
29 12
44 12
36 25
 1  9
 9  3
42 10
 2 40
 2 35

ta167
85 3
36 12  2
17 39 26
 3 10 42
24 44 14
20 43  1
15 41  1
18 10 38
 3 17  7
 4 15 38
 6 37 37
44 28 21
18 21 33
42 24 29
 3  9 35
14 12 25
32 33 10
 3 28 14
 1 22 37
41 33 40
40 13 24
32 41 17
 5 25 16
37  2 23
12 18 17
16 15  1
 4 33  5
26 17 26
28  4 10
24 43  7
29 21 32
38  2 11
 5 15 13
18 10 32
10 39 32
32 35 11
41 29  7
37 38  1
35 15 41
43  4 38
 8 26 26
10  8 26
36 19 16
 7 12 44
33 31 24
18 17 22
39 41 14
43 27 15
44 37 27
32  3 32
15  7 11
19 10 28
 6 44 32
 7 40 16
39 35 18
 8  4  8
21 17 42
19  5  8
24  9 44
12 11 16
43  5 16
28 36  6
33 14 21
40 13 17
35 32  2
42  5 36
41 37 33
20 11 30
34 40  3
 4 40  2
29 39 34
17  9 36
44 11 44
13 19 35
32 26  5
26 29 17
 6 27  5
 8 15 18
27 23 39
31 39 41
 3 30 19
20 12 19
27 19 24
11 42 38
37 29 18
43 33 30

ta168
86 2
26  9
12 31
43 13
41 21
24 16
34 30
41 14
17  3
10 34
17 12
14 31
43 10
37 40
29 12
16 31
 1 29
35  9
 5 30
29 17
31  6
23 35
39 11
29 39
14 28
21 34
19 29
26 21
16 39
10  2
38  3
29 30
 5 38
16  6
40 32
10 32
19 38
 3 12
34 24
36 32
26 43
27  1
36 27
12 16
 3 14
38 10
21 28
23 29
22 38
30  2
40 23
44 26
19 34
16 26
27 15
31 37
 3 22
20 40
21 28
39 23
26  1
 4 26
39 44
11 35
15 18
34 41
38 35
37  3
43  1
26  3
12 31
34 32
28  2
 7 43
 8 27
 9 38
44  8
21 40
20 19
32 20
23 25
11  9
25 35
44 13
29 17
41 20
 2 36

ta169
86 3
12 39 11
17 43 38
37 13 27
32 10 41
42 30 15
42 28 25
14  7 24
31 20 25
 7 37  2
39 14 35
31 33 36
 8 40 26
29  3 20
38 28 10
42 24 44
29 38 14
43 32 34
17  6 40
13 26 20
31 10  6
36 43 44
37  2 21
 5 34 34
34 14 25
 5 21 24
15 33 41
26 23 43
32 41 27
 2 15 28
40 40 15
 6 43 38
15  3 29
11  6 22
23 24  4
25  9 18
 9 12 30
17 42 37
24  5 32
 8  4  2
17 35 32
38 10 39
19 28 16
32 35 18
39  4 27
19  4 43
39  8 32
 9 38  3
42 23 42
23 27 38
 6  7 43
27 38 16
35 30 15
10  6 26
 3 21 21
12 23 38
10  6  2
33 13 40
15  8 41
29 40 31
42 41  2
22 26 28
20 12 10
12 29 18
29 30  3
 7  7 18
27 31  1
 4 13 22
37 18 39
 3 13 31
19  6 35
29 12 10
25 25 39
37 37 12
29 42 22
28  5 27
38  9  2
24  2 10
30 38 28
24 30  9
34 17 43
24 37 23
28  1 18
38 27 26
23 35 38
34 20 16
 1 10 13

ta170
87 2
12 10
 5 29
40  4
25 43
18 26
 1 40
31  3
20 13
 5  5
43 44
 5  9
44 26
20  2
12 16
41 19
13 24
20 40
22  8
39 39
42 19
 3  2
44 12
27 31
37 32
19 22
15 11
 2 10
 9  4
10 23
10 38
37 10
 3 44
14 21
20 35
26 13
18 10
 8 24
41  3
 9 32
44 34
10 25
42 19
 5  3
22 11
32 19
42 17
30  4
27 38
44  1
43  6
11  2
 6  7
 4  5
 3 22
13  6
39 22
23 21
29 12
12 28
40 11
43 10
 4  7
15  2
25  4
42  4
 4  9
34 39
23  8
19 36
16 44
44  1
43 26
25 21
38 10
19 16
26 17
 6 32
 7  2
43 44
36  3
25 44
25  9
 3 31
33 28
42 22
38 21
13 41

ta171
87 3
12 43 11
22 27 39
 8 15 29
27 22 31
 3  2 32
21 10 20
44 13 19
 1 20 34
24 38 33
10 12 42
22  6  5
10 21  9
36 21 17
42 39 11
16 43 32
16 28 31
41 21 12
18 22 44
22 12 23
22 42 33
 6 42  3
31  5 17
27 38 25
23 30 33
 4  2 19
 8 29 21
 2  8 11
 2 14 36
30  4 29
 6 32 10
30 14 23
28 36 41
 8 29 39
16 34 35
 6 18 35
24 15 20
26 14 27
 3 20 35
23  5 29
12  1  1
32 22  6
16 38 16
10 20 10
22  1  1
27 31 19
21 40 40
 1  7 34
 9 24 18
27 28 39
33  5 32
12 41 28
39 28 12
29 35 25
20 14 39
10  4 14
26 21 34
16  3  9
34 12 39
12 24 42
33 33 10
22 21 16
23 10  4
18 32  3
 8 36  6
16 26 37
39 43 21
 5  2  7
 6 18  2
23 23 30
33 28  5
14 41  2
15 42 38
24 32 39
10  9 33
31  8 11
 4 19 31
 2 17 25
22 29 32
 4 16  3
14 44 31
19 29  5
43 38 40
 5  1 28
44 15 12
26 39 37
19 20 10
36 20  5

ta172
88 2
43 31
11 24
37 13
14 12
27 35
11 32
 8 36
25 29
33 15
16 43
18  3
 3  3
14 40
34 39
29 41
38 23
25 27
20 42
39 19
 1 28
35 33
 1  9
 5 24
19  4
13 35
32 40
20 21
31 40
29  9
10 42
23 20
27 30
42 33
 7 26
16 27
34 14
14 32
 9 29
 3 38
42 35
21 31
26 39
10 42
 3  5
40 24
14 30
 9  4
 6 16
 7 16
12 17
17 38
32 30
 1 18
26 32
12  2
38 35
11 20
21 36
38 33
21 44
30  3
30 36
14  4
 5 10
27 38
23 31
26 26
18 28
43 40
38 36
17 15
37 38
31 23
20 34
28 14
22 18
39 13
31 15
 8 41
17 41
14 16
 6 19
24  7
 9 29
 3 37
37 42
39 30
27 15

ta173
88 3
10 37  6
36 29 16
27 13 16
 6 37 14
40  3 21
 3 24 42
22  1 10
19 15 24
15 36 31
36 21 24
23 10 30
16  6 16
36 26 13
43 34 37
 3 18 15
40 33  1
16 35 19
42  8 27
 6 35 22
27 22 37
29 35 36
36 27 28
28 25 41
 6 12 43
29 24 11
18 17 41
 9 19  3
31 20 31
 6 26  2
 4 11 16
38  9  5
20 14 44
 1 11 36
32 12  9
 4 11 24
20 13 29
16 33 19
26 18  3
35 43 16
 6 31  2
26 25 14
26 12  3
39 10 11
12 17  6
 6 22  8
38 27  9
 8 30 13
18 32 22
41 12 35
 2 30 15
29 40 25
34  6 31
39 22 43
21 26  3
18  5 17
13 21 41
39 41 17
 7 43  1
33  8 38
36 29 44
12 37 25
40 28 22
26 16 16
22 44  6
11 31  5
10 44 27
 6 29 36
39  8 33
43 22 41
24  2 43
37  4 37
43 10 33
23 23 22
40 32  6
26 18 42
11 41 13
41 23  9
11 30  1
 9 18 30
36 42  6
25  3 15
18 29 40
13 12 21
16 32 22
 6 11 42
31 13 34
36 32 26
29 27 23

ta174
89 2
35 26
18 37
35 36
 4 31
26 16
15 29
36  9
34  2
43 30
36 26
36 31
 6 20
 4 23
 5 40
 1 10
24 40
20 36
27  3
23 20
21 29
12  2
41 34
40 13
40  5
 1 34
33 41
38  2
31  4
21 43
33 13
32  9
30 16
36 20
10 44
26 31
23 24
 9  7
14 35
35 16
24 36
27  1
39 11
22 28
 2 19
 6 24
26 25
31  9
42  4
16 25
43 21
 3 41
23 15
12 10
33 32
32 41
13  6
20 42
30 32
14 20
39  9
19 36
38  3
 5 42
37 44
 9 11
20 10
18  3
33 31
22 25
44 12
39 15
31  9
11 21
 6 34
23 11
34 41
31 34
 3 12
 3 21
10 14
17 33
23 21
22  4
32 17
10 44
11 34
20 27
14  5
 5 29

ta175
89 3
36 29 37
 4 22 43
22 24 24
29  1 21
28  1 16
30 39  7
36 11 32
 8 33 34
24 24 44
 1 21  4
20 42  8
18 30 25
21 14 12
25 44 43
24  4 16
34 16 11
19 34 33
 8 13 39
41 29 40
 3 24 42
44 21  3
21  9  3
14 11 15
35 10 26
40 12 11
34 29 29
19 35  9
34 27 31
15 13 29
13 21  2
30 18 34
14 26 24
40  3 40
13 20  5
40 29 25
 8 13  2
28  8 44
11 29 34
34 10 39
17  6 40
19  1 34
14  5 36
36 26 31
32 39 26
34  6 15
 4 38 42
 6  8  1
28 30 14
 2 19 34
 1 25 16
29 23 41
44 39 20
16 27 24
34 16 31
16 41 13
19 22 24
19 31 16
41 12 43
40 35 16
21 12 31
 2 36  2
15  3 17
30 34 12
39 32 12
19 16 37
14 12 33
 1 28 42
10 26 38
44 32 11
43  5  4
 5 39 15
38 33 24
30  1 38
40 34 32
12 24 43
 4 23 41
 6 26 24
27 20 29
34 36 11
 8 16 16
 7 31 30
 8 35 38
42 26 28
13 29 11
39  6 39
10 43  2
40 40 10
15 38 23
25 22 20

ta176
90 2
30  5
41 14
22 30
23 34
 3  2
 4 34
 6  7
42 14
37 41
13 33
15 35
24 38
10 12
20  7
37 38
 7 28
13 18
13 22
32 44
 7 26
17 16
36  8
39 12
35 34
12  1
 1 27
12 34
 6 39
25  3
 5 11
10 16
42 10
40 20
22 32
38 21
27 38
34 31
16 43
44 16
44 42
22 31
39 36
37 25
16 23
13 18
41 29
39 41
16  1
18 27
13 19
35  3
40 36
19  8
37 26
19  7
40 10
 4  8
33 24
22  7
17 15
 5 43
20 21
24 42
43 37
15 15
26 18
 3 25
 7 19
35  3
17 30
32 35
 5  6
23 31
26 32
 9 37
24 12
10 42
15 37
28 20
12 21
 9 44
11  4
26 23
 7 24
 1 15
33 19
34 31
28 14
38 14
42 38

ta177
90 3
17 11 29
23 36 14
 8  6 10
15 36 16
36 40 22
33 25  1
25 44 25
 2 32 39
 5  5 22
24 15  2
43 14 22
19  5 43
15 33 12
12 15  2
14 31 23
18 28 38
10 39 34
37 34 43
13 15 24
35 18 31
37 29 35
 9 16 23
38 17 36
24 18 37
34 14 29
23 33  1
16 32 22
29 15 20
12  6 25
24  6 34
19 25 15
26 20 31
11  5 16
 1 24 11
 2 30 22
42  4 21
14 35 26
23 20 31
10  9 14
15 42 10
43 15 11
 3  5 38
22  8 38
42 12 29
30 16  8
11 27 29
42 15  3
 4 10 16
 8 40  6
28 17 11
17 41  8
 6  3  9
 1 44 26
29 20 41
27 16 23
42 38  5
23 43 26
30 17 27
 8 39  5
40 39  9
32 39 36
27 26 16
21 24 13
44 11 27
 4 14 40
 6 22 39
37 11  3
 2  5 18
30 32 24
26 43  9
 4  5  6
17 41 26
 5 44 35
 8 21 14
36 24 32
44 27  4
31  2 18
11  3 29
 7 31 34
18 42 38
37 40 26
 5 40  6
22 31 17
15  2 22
 4 30 34
33 10 26
31 30  5
20 39 41
35 38  2
21 10 11

ta178
91 2
36 32
 2 41
15 25
33 31
29 26
22 40
32 17
 1 40
 7 18
39 19
21  9
32 13
34 17
 2 29
14  3
 5  1
22  7
23 14
21  8
15  9
44 24
41  5
 8  9
33 22
41 40
31 29
27 36
34 28
 1 34
 8 43
24  5
17 26
22 22
19 25
39 32
20 44
 3 31
19 42
12 28
 5 25
29 24
33 19
17 20
19 30
18 39
14 31
 1 17
30 40
 7 15
27 31
35  9
28 10
20 31
26 41
18 36
17 17
29 27
14 44
16 43
10  2
 3 34
 8 44
18 33
44 31
 1 23
36 41
 2 19
35 21
41 23
43 30
39 23
13 27
23 41
 3 18
 3 30
24  8
 6 25
28  2
 1 28
36 32
31 40
40 40
44 21
16 11
36 38
 4 38
44 24
 8 25
22 25
22 21
31 27

ta179
91 3
28 15 43
29 36 21
35 34 20
13 32 12
44 43 28
17 28  2
26 37 26
 9 27 31
 9 26 17
 4 24 21
 6 15  2
 5 13 25
41 16 29
39 20  3
19 35  6
33 25 10
42  5 42
20 40 39
 1 19 33
12 21 11
 5 32 10
44  8 17
11 40 31
 3 20 13
18 31 17
24 35 37
25 20  1
 8  6 20
23 30 20
 8  5 38
37 30 39
19 35 32
37 20 28
34 22 30
23 39 29
30  3 10
22 21 29
40 31  1
10 41 27
35 21 22
42  4 35
37 10 35
18 43 40
30 32 15
 9 36 43
16 29 11
36 37 28
10 30 28
10 41 43
39  9 38
 6  3 43
 7 37 19
39 31 29
39 13  5
14 37 34
14 32 40
 2 39 13
16 43 28
39 32 18
 8 27 14
36 23 34
 2 24 29
16  3 43
24 21 43
26 41 25
23 40 37
39 41 10
 4 37 15
26 34  4
16 13  5
 1 32  4
16  3 35
15 13 13
 5 42 29
42 23 19
15 34  3
 4 16 36
25 13 31
 5 33 30
20 21 34
26  1 35
38 23 34
39 11 39
34  9 28
25 35 43
25  7 15
40 12  1
 2 12 42
13 20 19
18 12 15
 6 39 36

ta180
92 2
23 23
41 39
 4 44
30 21
24  8
14  7
 9  1
23 32
24 27
15 24
 9 34
25 34
38 25
 4 15
21 43
25 29
15 36
 2 12
 2 30
 3 16
11 36
22 38
42 35
 5 20
41 30
33 32
35 15
27 34
43  8
 2 23
41 15
44 25
28 30
36 17
44 11
31 38
24 44
14 18
12 31
37  3
20 28
18 36
11 37
38  1
 9 12
14 39
29 25
19 40
37 42
10 12
43 33
21 31
44 39
 9 36
 2 10
23 12
16 44
 3 13
41  9
14 36
36 36
 8 32
42 36
10 44
25 18
26 15
22 25
 4 32
 8 32
36 17
28  3
44 44
34  2
23 30
22  7
44 28
28 18
21  8
26 33
34  8
29  9
11 28
29  8
35 36
40 16
 6 10
17 42
 8 33
37  8
42 40
13 25
23 19

ta181
92 3
19 42 31
 4  4 41
 7 19 43
28 32 19
37 16 16
26 11 32
34  6  2
34 12 31
10 32 15
18 36 38
39  5 31
37 10 31
22 32 32
44 10 31
11 33 10
34 41 22
37 16 29
26 35 17
18 29 30
 1 38 16
26 33 28
 6 34 27
33 44  6
29  5 24
 1 35 41
15 24 23
21 21 36
38 25 20
 9 14 15
15 20 25
 1 21 39
16 18 21
 4  6 44
27  2 41
16  9 11
 6 25  1
20  3  6
 8 24 17
25 33  9
 8 41 20
13 18 25
25 28 29
30 29 17
21 12 18
24 39 20
39 22 17
 9  4 34
14 39 17
20 38 42
22 35 30
13 40 10
25 15 28
17 35 26
27 21 40
29 44 36
32 28 30
41 31 12
36 43 38
31 43 23
 8  6 34
31  8 39
31  8 16
 9 44 25
37 22 31
35 27 28
38 30 40
26 32 11
13 25  4
19 21 41
17 38 16
 6  9 30
36 40 13
 2 42 36
20 24 29
 6  5  9
25  2 17
10 37 14
27 27 18
24 19 27
35 13 32
19 37  6
 9 32 14
 1 44 31
15 37 32
 4  6  8
26  8 21
40 38 20
24  7  2
 2 23 27
12 13 22
30 11 30
 5  1 32

ta182
93 2
24 41
18 40
25  2
31 40
 1 26
24 21
11 42
12  7
40 19
13 40
31  4
 7  9
32 34
31  9
29 26
 3 44
 6 21
 3 11
 3 44
14 18
37 11
 2 21
43  6
 2 15
11 24
16 11
37  6
 2 20
34  9
 8 36
16 23
11 19
24 24
16 34
40  1
 4 40
 6 39
 3 20
 3 31
11 26
32 17
43  6
11 36
 8 44
20 28
22 39
37 23
 3 15
 1 27
42 20
35 13
20 10
21 20
 6 42
 4 26
17  4
43 26
 4 44
25  5
 8 32
17 16
14 13
23  9
 4 27
37 32
19 20
33 36
36 20
41 33
30 35
30 10
41 38
11 19
41 11
19  4
35 40
20 11
 3 20
43  7
32 12
17 24
 6 16
 8 41
15  8
35 29
 3 36
20 18
 2  7
19 20
 3  5
13 37
 8 33
42 23

ta183
93 3
 1 23 33
17 21 35
 2 18 18
 7  5 25
31 14  5
33 21 35
 2 43 21
 2  9 40
 1 23  5
28 43 25
16 17 19
29 41 36
19 18  8
13 35  2
44 39  3
39 34 33
 1 25 17
18 32 43
 3 44 14
38 17 43
30 18 20
37 36 32
 7  3 18
13 14  3
27 34  8
19  2 14
38  7 34
17 27 19
 9 43 29
21 26 42
22 26  2
10 27 17
27  7  4
15 32 31
16 32 11
14 35 43
35 29 42
44  1 11
 9 14 35
 1 29 37
 4 31 21
21 35 33
 2 17  7
36 36 39
11 23 19
 3  1 40
 9 40  8
31 30 42
44 23 26
36  2 14
26 27 23
11 12  2
10 40 42
22 12 18
37 44 38
 3 34 22
36  7 13
40 37 34
30 18  1
24 21 13
 7 11 16
38 10  9
17 44 12
17 37  6
42 31 28
34 38 31
 4 42 33
 4 44 39
 1 30 35
34 26 39
 1 31 19
30 16  2
 3 43 34
29 31 34
11 19 14
 8 43  7
 6 40 24
15 21 24
24  4 11
21 37 24
19 28 19
17 17  7
32 13 16
27 32 39
41 20 11
43 38 25
26 38 32
29 28 31
16 30 11
40  6 12
35 26  7
11 10  4
16 38  3

ta184
94 2
 8 21
31 35
24  9
29 19
 2 13
26 11
31 40
44 36
35 44
33  2
31 41
36  7
 4 36
 6 33
30 10
 8 27
44 23
19 18
 2 38
 5 22
32 12
10 27
25  2
 5 31
 8 19
20  4
28 37
16 12
29 24
32 32
 3 40
33 36
 6 43
11  9
22 26
35 42
40 11
15 20
31 10
26  2
32 20
26 12
34  4
43  7
 7  8
34 22
 7 17
20 36
23 18
21 27
35 40
 9 26
28 22
 9 18
22 41
25 19
43 30
44 27
15 22
 3  2
44  4
 2 14
37 14
36 23
35 24
41 14
33 44
12 36
11  1
28 12
39 26
30 10
28 15
24 21
17 38
22  1
16 19
27 31
39 39
33 15
31 30
28 43
44 11
30 43
19  9
16 14
38 35
 8 19
19 37
31 22
35 15
 6 42
 2 40
43 15

ta185
94 3
17 25 42
17 12 14
26  9 42
31 10 17
30 25  3
 9 22  8
 7 25 12
 9 13  3
 9 12 25
17 24 30
42  5 12
16 26 38
11 44  3
25 10 43
21 33 27
15 36 10
13 42 20
39 33 18
 3  9 13
40  8 44
34 10 29
12 34  6
 5 15 43
 9 42 23
 5 27 16
14 32 24
20 38 20
15  5 27
11  4 16
38 13 18
26 16 36
 3 36 44
14  9 44
21 10 22
11  4 44
42 34  7
 3 33 21
33 20 15
25 19  6
 3  2 31
35 12  2
26 27 27
31  3 35
16  1 24
25 44 29
42  4  1
27 14 14
 9 36 25
41 38 40
22 23 17
39 11  7
13 31 43
21 29 21
18 11 32
16 31 33
42  9 21
30 27 16
 5 20 33
17 26 20
22 30 34
32 10 24
19 21 35
17 12 13
30 22 19
24 10  3
27 37  6
37 44 29
20 36 41
 2 35 35
19 41  5
23 43 44
32 30  1
 8 42 10
42 25 41
 8 44  5
41 26 10
30 35 34
15 30 31
 5 13 19
28 18 31
44 43 15
 9  8 24
20 37 24
 2 19 40
40 39 19
33 12 36
36  6  9
26 33  7
16  9 14
14 27 18
27 25 25
23 43 27
26 43 37
26 22 34

ta186
95 2
31 29
16 38
19 35
13 17
 1 27
36 12
23 19
10  9
38 43
10  6
10  6
20 38
16 18
40 36
 7 13
43 11
28 20
40  5
35 22
35 23
 2 10
18 44
34 13
 1 25
18 18
 6 39
17 16
24 25
10 22
22  2
40 22
11 32
29 25
28  3
24  6
18 16
 8 31
 5 44
33 20
 5  4
17 15
18 34
 8  5
39 13
41 15
40 14
44 33
28 25
44 30
16  9
29 43
 2 13
44 34
31 30
11 24
36 34
18 19
29 25
 4 22
25 25
31 16
 7  9
10  5
16 20
 3 25
 1  3
 4 41
19 19
13  6
34 19
18  9
 3 17
24  6
40 25
 4  3
21 22
 6 36
22 14
37 38
 3 39
18 12
28 30
23 33
31 21
 1 11
12 42
32  6
 7 23
13 34
30  5
 9 36
16  1
 5 24
42 12
19  6

ta187
95 3
27 20  4
40  1  6
26 17 39
35 19 20
25 38 35
23 34 44
30 44  1
 4  9 42
30 27 41
28 26 44
36 20  3
39 29 37
39 37  5
 1 42 41
40 39 30
34 11 23
10 26 34
42 27 20
 6 24 11
 6 10 19
10 43 35
39 43 44
18 30  9
43 29 41
39 29  2
 4  8 14
12 41 16
18 18  1
11 38 37
27 34  6
26 33 28
31 36 44
 6  1 40
31 17 25
14 11 42
37  3 43
18  2 16
42 39 14
 3 36 25
35 29  5
 7 35 41
 4 17 40
14  9 37
 3 42  8
18 26 24
36  5  7
 4 18 36
39 10 33
35 29 39
15 28 44
19 16 16
36 24 27
29 11 39
 2 24 39
 6 15  4
 8 24 13
34 12 32
18 32 12
14 13 26
 9 13 33
 1 44 25
38 29 27
36 27  2
42  7 38
13  2 39
41 34 39
29 27  6
27 25 17
12  2 29
 5 22 12
 1 21 42
 7  2 24
14 12 31
22 16 41
12 37  5
39  5 30
17 18 24
31 24 30
28 19 19
 9 27 28
42 32  5
35 41 31
40  7 44
15 27 22
 8  8 12
 9 15 33
12 18 41
43 32  5
32 15 41
13 23 28
 6  6 30
 4 24 29
36 21 40
19 43 43
31  3 35

ta188
96 2
 3 23
17 19
19  4
30 42
 9 31
44 44
 1  3
27 34
28 28
17  9
22 36
 5 28
28 17
38 37
37 20
42 13
30 14
30 36
24 38
 5 24
20  8
22 17
25 29
36 19
14 29
16 15
14 38
14 11
19 33
36  3
10 38
 5 34
34 31
14 31
18 36
10 34
24 37
34 14
15 32
 4 43
26 20
24  8
 5 27
43 37
 1 20
17 35
 3  2
14 27
 3 32
28 38
15  5
 2 23
19 26
36 22
 4 44
40 31
30 37
22 35
15 42
30  7
33 22
30 42
19 19
32 22
23  8
11 28
 5 11
28 21
19  1
33 23
36 22
33  2
24 31
 6 10
25 24
12  6
 3 22
 6 38
19  4
 5 44
39 14
43 41
33 13
26 20
10  1
17 14
 9  7
15 11
34 29
18 32
14 22
42 44
40  6
26 28
 6 35
 3 15

ta189
96 3
41 33 29
23 24 36
13 12  5
31  1 24
 7 43 42
40  7 39
 5 34 30
17 31 17
16 43  2
28 32 43
14 19 43
 3 17 20
23 37 31
42 17  7
28 27 22
18 37 41
 8 30 21
11 31 13
29 25  3
12  7 25
35 30 25
 6 17 26
25  5 26
23 17 15
 9  7 18
24 33  4
40 42  6
 5 20  2
23  4 33
31 18 37
17 11 31
 6  7 31
27 22 11
41 37 33
16 30 13
 6  3 24
39  6 36
43 17  9
20 30 10
23 27 13
37 39 31
34  6  7
28  3 44
31 42 11
38 44  5
18 34 35
33 17  2
10 37 13
 1 19 39
23 31 22
22  4 39
42  4 43
 2 27 24
 7 23 44
24  8  8
26  5 18
 4  2 41
20 35 11
11 28  3
19 33 32
13  6 16
23 10 39
16 41 40
 7 16  8
11 26 39
 2 30 29
 5 20 14
21 19 30
26  3 13
29 31 20
41 27 38
37 39 17
29  2 43
14 10  8
22 41 30
33  9  9
16 10 43
19 14 14
18 36 32
31 42  8
26 31 11
20 11 34
15 18 32
23 18 29
31 35 10
 6 44 22
44 37 38
 4 14 22
22 23 13
24 20  3
29 43  4
35 33 23
42  2 31
41 19 35
22 37 37
14 32 24

ta190
97 2
 5 12
37 10
31  6
14 22
18 34
43 33
21 36
43 29
38 19
25 40
 3 32
 9 42
36  3
18  4
26 21
30  9
35 34
19  9
11 20
13 43
22 11
 5  9
 4 43
21 28
37 38
44 18
33 37
22 18
 3 39
19 28
32 10
41 42
 4 34
43 31
17 34
18 19
 7 27
18 36
27 44
39 38
27 35
12 33
22 12
20 42
13  2
 6 17
 2 29
12 12
15  8
 5 14
 1 35
11  3
20 25
12  7
19 30
35  4
44 26
 2 41
43  8
20 37
15  1
19 15
28  1
18 22
16  6
22 19
39 25
38 36
24  9
13 41
 1 14
24 27
11  3
17 21
27 15
14  7
33 13
44 44
17 41
19 19
 8 34
36 13
 9 17
 9 20
33 10
17 34
39 24
37  2
21 36
 4 26
29 42
40  1
37 15
31 26
26 38
20 28
35 38

ta191
97 3
34 11 23
11 18 39
38 42 32
17 43 24
13  9 21
43 23 25
37 38 35
11 39 35
21 39 31
27 38 39
34 34 44
 2 34 26
24 11 19
10 33 31
10 23  3
14  2 22
 6 28 15
40 35 42
 3 24 16
32 35 23
 9 11  5
38 27 10
25 12 20
39 19 13
 6 28  5
 5  1 17
33  8 37
 9 22 11
25 39 43
 3 43 11
10 36 21
40  2 22
27 17 40
37 34 35
 3 11  9
 2 34  8
37 43 23
44 44 28
31 44 34
38 13 33
12 23 13
 9 29 28
37 11 26
28 23 29
22 40 19
 2  7 11
 2 23  5
35 10 44
33 11 37
38 10  3
33 33  4
 7 26 11
23 39 26
26 10 24
26  9 21
38 23  4
10 29 37
23 37 34
29 21 13
13 20 19
35 44  2
24 40 34
25 15 14
 8 24 13
29 21 14
26  9  1
24 40 32
33 28 25
10 10 41
15 23  6
43 10 19
 8 35 11
23  3 14
31 13  8
35  3  5
25 39 16
21  4 12
12 34 25
31  2 16
21 15 30
38 11 37
 9  9 15
39 22 31
 4  4  7
32 37 27
25 43 26
21 29 16
26 39 20
38 32 20
38 21 33
40  2 32
28 38  2
16 27 38
35 31 17
30 18 44
 6 24 41
43  7  4

ta192
98 2
34  1
30 15
12 17
17 15
21 39
 1  2
42  9
 2 20
 4 44
25  9
17 32
30 43
43 40
21 20
33  8
24 40
14 30
 6  2
 2 14
26 30
43 12
18 40
30 16
32 10
43 31
21 42
18 42
31  3
15 32
16 17
40 42
26 14
16  5
33 13
 3  1
18 35
18 40
11  5
15 34
13 28
 9 12
21  3
32 26
23 16
43  4
31 15
42 10
34  1
31  4
25 26
27 19
 7 43
13 30
24 22
32 27
32 25
19 32
 8 28
21 24
26 34
27 17
15 44
14  4
38  8
 7 10
19 11
10 32
 1 34
 6 23
34  3
 3  1
29 17
16  6
40 10
 2  6
24  7
22 36
44 11
 5  7
30 10
37 17
16 22
 8 21
16 32
31 19
23 43
34 24
32 26
32 42
29  8
 8 28
 6  1
30 13
33 18
33 35
29 44
38 25
11 31

ta193
98 3
29  8  9
40 35  9
23 28 28
26 17 43
 5 18 23
 7 23 22
 2  9 11
16 36 40
32 43 44
41 34 24
 6 10 14
 2 41 25
34 34 18
44  5 23
18  5 40
35 14 15
12 22 21
16 23  2
20 14 16
14  8 37
10 27 38
 4 20  8
30  4 21
42 18 34
 5  3  4
32 42 31
 1 42 29
29 29 13
 3 35 31
12 26 28
 9 21 26
26 35 23
29 14 29
32  6 11
39 14  4
32 11 21
42 33 16
29 13 11
 8 25 42
26  2 30
22 18 22
38 33 42
 8 24 12
26  4 29
 3 14 36
19 34 16
 9 15 24
10 15 38
12 25  8
16 18 10
26  4 12
44 10 33
33  2 25
 6 25 31
10 17 30
32 27 44
19 34 36
27 17 31
 6 13  4
29 26  9
35 37  6
 3  1 44
17  4  5
 4 31 33
35  3 35
38  1 42
 8 25 42
 9 41 29
19 43 31
26 38 41
29  4 20
16 16 33
25  7 17
30 15 24
39 16  4
 3 37 15
41 13 13
 6 22  2
12 27 40
22 29  2
14 36 10
 8 19 27
13 19 31
 3 13 38
26 23 11
18 14 26
26 16  7
17 29 26
29 24 27
19  5 34
37  4 23
15 16 23
14 32 41
21 35 19
28 39  1
19 24 43
36 38 14
15 40 13

ta194
99 2
40 42
 7 29
24 40
 1 39
14 42
10  9
15 12
 7 32
 5 26
29  6
26 33
33 35
25 10
44 29
28 11
20 23
 8 11
20 19
16 30
 9  2
21 40
 5 30
29 36
 4 13
36  4
34 32
31 35
32  8
 9 16
 4 14
40 17
12  3
22 32
 1  5
37 33
16 19
18 28
30 30
28  4
 7 34
 6 31
37 24
22 33
36 18
23 13
11 44
26 39
 6  4
29  2
 8 41
36 44
21  4
32 15
14  4
 6  3
24  6
10 15
 8 10
24 32
26 34
40 28
27 25
23 16
38 24
22 26
 1 27
40 10
42  7
11 34
36  7
19 33
12 21
33  6
35 11
31 41
24 42
20 19
 2  9
17 41
25 16
22 35
26 25
 2 42
10 44
18  1
44 35
40 20
15  8
16  6
36 18
26 27
37 26
 2  4
 7 22
 9 34
34 14
 9 20
29 28
 8 32

ta195
99 3
20 36 40
35 38 30
42 34  2
 1  4 39
37 12  5
 8 35 40
43 44 23
42 36 33
36 28 12
30 26 21
36 31  1
29 31  1
22 35 33
 7 29 13
 3  6 19
15 42 23
 9  1 30
33 30  8
 9 22  1
 8 43 11
19 12  8
25 10 17
39  8 26
 5 31 44
 8 36 16
11 40 30
15 22 30
33 21 26
36  3  2
37 20  9
 1 15 37
22 32 17
 5 22 41
 2 21 34
42  5 15
30 26 39
36 42 27
15 38 22
25 31 36
27 34  7
16  2 32
17  5 16
 8 30  4
43  7 18
34 13  2
41 36 17
11  6 22
 7  2 23
26 30 21
15 42  2
26 22 32
34 31 19
 2 25 44
43 23 40
35 38 36
10 26 25
20 29 39
20 16 29
30  9 44
10 36 20
39 37 33
 3 18 29
30 44 27
27 39 12
17 13 28
26 17  9
31 17  5
40 39 14
 7  7  7
 4  4 23
20 36 33
25  4 30
 8 33 20
 7 24 26
43 38 34
28  3  4
 1  5 36
36 24 19
15 44 43
19 40 11
23 26 40
 4  8  4
23 37  9
43 18 29
33 24 37
24 41  2
25 24  4
 3  3 44
31 28 13
15 10  5
32 34 37
10 29 42
30 39 30
31  6 11
39  3 32
 8  4 44
26 36  3
41 39 17
 7 20 23

ta196
100 2
41 18
25 35
 9 27
 5 12
28 36
24 40
39 38
 2 16
38 19
38  8
 1 12
23 25
14 33
19  3
35 39
21  3
10 20
33 22
 6 40
42 28
35 36
 4 16
25  5
32 42
 1 26
 1 42
13 12
23 29
39 44
22 20
 9  2
22 34
15 21
30 20
 6 25
10 43
22 11
18  9
 9  7
 1  9
 2 21
 3  9
38 24
34 42
41  4
27  6
19 22
20 33
15 15
 2  4
19 12
37 20
16  3
21  3
39 14
21 32
44 13
19 32
44 13
40 36
31 33
23  2
43  4
24 44
35 29
39 39
 6 41
35 35
29 27
37 35
 3 32
 4 28
28 39
 7  6
 4 33
34  2
19 10
17 30
33 35
22 13
24 22
12 10
19 26
27  4
22 29
 3 17
21  5
34 44
30 40
18  4
42 18
41  3
40 38
21 40
25  5
 2 38
 6 25
12 26
20 38
 9  2

ta197
100 3
13  3 28
20 30 17
26 14 21
17  1 38
18 18 15
 6 26  9
15 26  6
31 24 18
27 10 12
40 38  9
25 36 31
16 36 39
34 21 18
23 12  7
20  8  4
 9 21 32
10  7 44
12 23 28
41 26 24
11 37 21
 5 30 21
13 37 10
 7  2 26
20 16  5
36 36 14
43 12 16
14 19 33
24 31 31
 9 14 14
 4 20 11
16 24 28
42 19 27
31  7 15
39  2 20
 7 35 36
40 20 31
15 42 14
 8 41 19
32 26 44
34  4 24
41  4 26
16  5 37
21 38 18
31 13  5
 2 20 18
14 18 41
40 14 38
27 34 23
41  8 27
10 11 37
28 42  3
35 43 42
38 35 30
44 19 26
14 28 30
10  7 22
 1 18  8
 3 39 35
31 14 15
 4 20 42
10 12 28
25  4 16
 2 11 21
20 21 27
11 41 40
12 13  6
38 32  1
 5  9 37
30 25  4
13  5 29
27 35 16
32 34  8
43 33 25
15  8 40
 2 26 42
25 37 42
40 20  2
 9 10 32
41  5  3
36 40 23
12 34  7
37 37 31
12 23  7
32 14 25
26 24 24
 6  4 28
40  5 33
 6 17 29
28 19 25
28 36 29
 5  7 38
 2  3 19
33 10 33
12 14 14
35  8  7
21 28 31
 9 36  2
19 41 35
34  7 17
23  9 19

